Barrido en frecuencia -> f_inicial:2000, f_final:2000000, f_step:2000
Parametros -> N: 2048, Fuente: 1, F_dac:1997922.081500 
Formato -> f,r,phi

2000.000000000000,3701.936470671597,-0.134343254006
4000.000000000000,3707.806040253221,-0.284153649011
6000.000000000000,3717.114207293745,-0.470431727178
8000.000000000000,3728.804278009250,-0.703799357751
10000.000000000000,3741.938538824088,-0.992898656002
12000.000000000000,3755.104503608121,-1.331859621600
14000.000000000000,3767.601401083948,-1.711015404242
16000.000000000000,3779.252924775784,-2.122649287893
18000.000000000000,3789.725900959621,-2.566629763104
20000.000000000000,3799.095006732875,-3.030238917704
22000.000000000000,3806.438764522586,-3.511448849772
24000.000000000000,3812.800492145845,-4.003311268579
26000.000000000000,3817.987931374751,-4.512320564052
28000.000000000000,3821.724490010996,-5.018895840423
30000.000000000000,3824.315138423834,-5.525362032489
32000.000000000000,3825.903335639245,-6.033481354255
34000.000000000000,3826.391121960475,-6.543124813661
36000.000000000000,3826.085854155819,-7.047804000304
38000.000000000000,3825.065219892188,-7.549018600927
40000.000000000000,3823.435149461940,-8.049447694701
42000.000000000000,3821.086826601656,-8.546740850205
44000.000000000000,3818.237994322725,-9.040694014665
46000.000000000000,3814.855055392579,-9.532338755954
48000.000000000000,3810.954782614710,-10.020515788601
50000.000000000000,3806.490894620858,-10.507863202465
52000.000000000000,3801.594277944680,-10.989155632923
54000.000000000000,3796.413099426853,-11.467808524629
56000.000000000000,3790.889840605360,-11.942732768147
58000.000000000000,3785.040145751976,-12.414036443182
60000.000000000000,3778.853868826271,-12.883836010464
62000.000000000000,3772.355539537071,-13.348193223174
64000.000000000000,3765.531773041183,-13.811693177395
66000.000000000000,3758.453684701857,-14.270664705016
68000.000000000000,3751.134895971593,-14.728245160159
70000.000000000000,3743.502481077832,-15.180471334095
72000.000000000000,3735.696484081159,-15.631705379439
74000.000000000000,3727.648283822068,-16.078434156676
76000.000000000000,3719.357070437515,-16.522519690850
78000.000000000000,3711.053125376999,-16.961401731323
80000.000000000000,3702.268120518409,-17.399560842993
82000.000000000000,3693.364574015035,-17.834562920966
84000.000000000000,3684.282276695081,-18.266940977563
86000.000000000000,3675.016733601681,-18.696279210111
88000.000000000000,3665.556073768556,-19.122407619624
90000.000000000000,3655.949439497893,-19.546237633942
92000.000000000000,3646.154295016771,-19.966786335954
94000.000000000000,3636.212080155088,-20.383819148394
96000.000000000000,3626.171279140940,-20.798797954795
98000.000000000000,3615.905692135035,-21.210729811938
100000.000000000000,3605.588869473599,-21.619662581620
102000.000000000000,3595.061271041685,-22.025890413619
104000.000000000000,3584.490090361831,-22.428914739747
106000.000000000000,3573.755137516586,-22.829154574193
108000.000000000000,3562.953851409416,-23.226208150238
110000.000000000000,3552.003906075231,-23.620683931973
112000.000000000000,3541.008349416350,-24.012007590683
114000.000000000000,3529.885700276915,-24.400977664771
116000.000000000000,3518.697996720388,-24.787161368090
118000.000000000000,3507.409653448784,-25.170264420039
120000.000000000000,3496.022744408103,-25.550517673798
122000.000000000000,3484.558992955904,-25.928152422267
124000.000000000000,3473.006714376696,-26.302886811069
126000.000000000000,3461.324123994486,-26.674710695288
128000.000000000000,3449.639981396787,-27.043163312824
130000.000000000000,3437.890749700611,-27.409499502397
132000.000000000000,3426.061098036435,-27.772886369917
134000.000000000000,3414.225442783635,-28.133914469987
136000.000000000000,3402.312021681791,-28.491402879508
138000.000000000000,3390.386484231557,-28.846545557265
140000.000000000000,3378.393624855293,-29.198875464287
142000.000000000000,3366.369607860033,-29.548245402819
144000.000000000000,3354.304473495566,-29.895212355052
146000.000000000000,3342.179108742759,-30.238846534000
148000.000000000000,3330.051845292218,-30.580389032660
150000.000000000000,3317.835884290626,-30.919290373513
152000.000000000000,3305.608278783466,-31.254800309040
154000.000000000000,3293.399108442994,-31.587788894208
156000.000000000000,3281.181544054598,-31.918302307522
158000.000000000000,3268.981782100217,-32.246343515623
160000.000000000000,3256.741102714286,-32.572119387893
162000.000000000000,3244.473347030691,-32.894640348166
164000.000000000000,3232.249433790961,-33.214571873770
166000.000000000000,3219.901201479691,-33.532054432043
168000.000000000000,3207.641549402410,-33.847111887153
170000.000000000000,3195.329677637644,-34.159379520668
172000.000000000000,3183.024886578892,-34.469497643865
174000.000000000000,3170.722904030187,-34.777528790691
176000.000000000000,3158.441779585459,-35.083134380625
178000.000000000000,3146.143312540801,-35.386935656625
180000.000000000000,3133.744435086528,-35.688752551155
182000.000000000000,3121.323571169718,-35.988254766597
184000.000000000000,3108.813775611763,-36.286888989582
186000.000000000000,3096.153158541174,-36.583100209257
188000.000000000000,3083.229069654343,-36.875609914868
190000.000000000000,3069.958103336782,-37.162564249455
192000.000000000000,3056.421490615169,-37.439400652780
194000.000000000000,3042.822605303247,-37.701350120167
196000.000000000000,3029.650822071007,-37.948071705361
198000.000000000000,3017.081839611458,-38.184498699151
200000.000000000000,3005.226769444225,-38.417223219724
202000.000000000000,2994.072645568008,-38.648485900854
204000.000000000000,2983.452699847207,-38.881216456503
206000.000000000000,2973.444645300724,-39.115894037288
208000.000000000000,2963.860354766418,-39.356604889343
210000.000000000000,2954.585572790486,-39.604244053513
212000.000000000000,2945.728215255100,-39.860920430322
214000.000000000000,2936.980264966877,-40.128017281411
216000.000000000000,2928.235546528867,-40.406771931185
218000.000000000000,2919.229399587165,-40.697222313220
220000.000000000000,2909.717782971609,-40.996002490758
222000.000000000000,2899.531400401181,-41.297199231383
224000.000000000000,2888.791111233966,-41.601090532713
226000.000000000000,2877.554514810362,-41.901748599995
228000.000000000000,2865.802483379125,-42.195416350868
230000.000000000000,2853.750479719971,-42.481048711798
232000.000000000000,2841.422099816988,-42.758591270746
234000.000000000000,2829.071663352200,-43.027293543059
236000.000000000000,2816.619033622629,-43.289481376564
238000.000000000000,2804.219740458044,-43.544903869002
240000.000000000000,2791.807072998907,-43.793679465184
242000.000000000000,2779.666726466116,-44.036355345867
244000.000000000000,2767.466859870302,-44.274996221534
246000.000000000000,2755.435443010300,-44.507779879525
248000.000000000000,2743.481336422551,-44.737258967644
250000.000000000000,2731.720740890235,-44.964087277250
252000.000000000000,2720.070619943386,-45.186214169519
254000.000000000000,2708.452388148365,-45.407264037816
256000.000000000000,2696.994136262858,-45.624677870247
258000.000000000000,2685.639924300712,-45.839133590650
260000.000000000000,2674.392602559728,-46.052325706457
262000.000000000000,2663.228683096566,-46.263095058653
264000.000000000000,2652.166064923103,-46.471857968598
266000.000000000000,2641.190967877178,-46.678765047266
268000.000000000000,2630.273773420050,-46.884117816119
270000.000000000000,2619.451218632858,-47.087462211369
272000.000000000000,2608.720131426351,-47.289033464213
274000.000000000000,2598.022261491594,-47.488885890244
276000.000000000000,2587.488625957840,-47.687541162889
278000.000000000000,2576.963524239694,-47.884238437069
280000.000000000000,2566.471855150609,-48.079015744536
282000.000000000000,2556.097320364835,-48.273372749374
284000.000000000000,2545.783138152623,-48.464920803010
286000.000000000000,2535.543642470528,-48.655978111152
288000.000000000000,2525.405439045831,-48.844860348586
290000.000000000000,2515.284227185934,-49.032903018541
292000.000000000000,2505.247111812044,-49.219321922147
294000.000000000000,2495.236614870178,-49.404401237574
296000.000000000000,2485.321316224710,-49.587572831966
298000.000000000000,2475.413427592848,-49.769150892657
300000.000000000000,2465.619872267690,-49.950414520155
302000.000000000000,2455.890156379675,-50.129052975448
304000.000000000000,2446.166873088406,-50.307546587983
306000.000000000000,2436.465603013814,-50.484235675667
308000.000000000000,2426.876840142286,-50.658979400813
310000.000000000000,2417.340594736308,-50.832618817494
312000.000000000000,2407.869451696144,-51.004867995861
314000.000000000000,2398.460563435277,-51.175593209428
316000.000000000000,2389.086347295893,-51.345549065664
318000.000000000000,2379.767920294236,-51.514536838052
320000.000000000000,2370.502404793395,-51.681669451183
322000.000000000000,2361.277654853713,-51.847715138782
324000.000000000000,2352.134479037020,-52.011808543212
326000.000000000000,2343.045282927156,-52.175270728037
328000.000000000000,2333.983154883584,-52.337732593936
330000.000000000000,2325.021511372089,-52.498412045035
332000.000000000000,2316.068712910530,-52.657896625505
334000.000000000000,2307.176994976810,-52.816899541285
336000.000000000000,2298.294836129368,-52.973670271047
338000.000000000000,2289.523450813467,-53.129901422820
340000.000000000000,2280.818560481805,-53.284433853275
342000.000000000000,2272.159079102096,-53.437921847599
344000.000000000000,2263.517472978855,-53.590696883783
346000.000000000000,2254.920996667290,-53.741600642573
348000.000000000000,2246.389601512893,-53.892023275955
350000.000000000000,2237.894937375242,-54.041113245702
352000.000000000000,2229.433815321266,-54.189101806126
354000.000000000000,2221.008450343654,-54.335797296832
356000.000000000000,2212.667493458010,-54.481534533682
358000.000000000000,2204.377507459966,-54.625995212604
360000.000000000000,2196.179471333540,-54.769838619834
362000.000000000000,2187.972900930377,-54.912163896086
364000.000000000000,2179.844403753470,-55.053817726748
366000.000000000000,2171.733630641667,-55.194254438311
368000.000000000000,2163.656653902558,-55.333771328612
370000.000000000000,2155.680792315048,-55.471539840214
372000.000000000000,2147.707895106903,-55.608993988852
374000.000000000000,2139.826206769346,-55.744844862032
376000.000000000000,2131.988532512992,-55.880504281086
378000.000000000000,2124.218934663454,-56.014118816649
380000.000000000000,2116.401976924891,-56.148006815719
382000.000000000000,2108.717960717954,-56.279669307222
384000.000000000000,2101.029664976247,-56.411093079974
386000.000000000000,2093.407500032372,-56.541546958655
388000.000000000000,2085.802652584780,-56.670260551900
390000.000000000000,2078.265203769813,-56.798623840027
392000.000000000000,2070.763190154318,-56.925543236518
394000.000000000000,2063.242273655979,-57.053169726001
396000.000000000000,2055.909321280014,-57.178133754749
398000.000000000000,2048.561915723398,-57.302278688985
400000.000000000000,2041.228761736615,-57.425909579360
402000.000000000000,2033.946882807351,-57.548350649546
404000.000000000000,2026.752288404826,-57.670440452356
406000.000000000000,2019.579835463271,-57.792202321089
408000.000000000000,2012.435501719236,-57.911643680152
410000.000000000000,2005.356800970126,-58.030925970037
412000.000000000000,1998.255628373014,-58.149167371655
414000.000000000000,1991.275464400350,-58.267908261085
416000.000000000000,1984.271223416730,-58.384567980252
418000.000000000000,1977.298300744754,-58.500561157253
420000.000000000000,1970.449468038329,-58.615348704820
422000.000000000000,1963.597221449803,-58.729975015061
424000.000000000000,1956.735830408497,-58.843506325399
426000.000000000000,1949.902860471021,-58.957559962084
428000.000000000000,1943.175403657550,-59.068650058688
430000.000000000000,1936.455192060326,-59.179988222771
432000.000000000000,1929.739279997210,-59.290111475290
434000.000000000000,1923.138976736195,-59.399849020657
436000.000000000000,1916.507265276189,-59.508745897159
438000.000000000000,1910.003961105519,-59.616528226261
440000.000000000000,1903.498930695439,-59.724510122852
442000.000000000000,1896.995938654797,-59.831034835889
444000.000000000000,1890.578250973452,-59.936766411525
446000.000000000000,1884.213380078136,-60.041615243794
448000.000000000000,1877.910798386441,-60.146376378835
450000.000000000000,1871.555030884442,-60.251682059882
452000.000000000000,1865.320583486111,-60.353825732715
454000.000000000000,1859.141335032080,-60.456064125464
456000.000000000000,1852.890555603103,-60.557677174326
458000.000000000000,1846.708048615745,-60.657351590448
460000.000000000000,1840.544760264501,-60.759392722726
462000.000000000000,1834.468752320307,-60.858418657580
464000.000000000000,1828.414827875233,-60.957499916761
466000.000000000000,1822.362899673776,-61.055918357327
468000.000000000000,1816.366675112711,-61.153701034314
470000.000000000000,1810.406542394644,-61.251396865977
472000.000000000000,1804.464149354404,-61.346805152336
474000.000000000000,1798.539608772838,-61.442685358272
476000.000000000000,1792.714431118641,-61.537525750287
478000.000000000000,1786.854116657221,-61.631612512069
480000.000000000000,1781.069748130325,-61.726103474863
482000.000000000000,1775.302353963183,-61.818266016532
484000.000000000000,1769.607671069889,-61.912121063047
486000.000000000000,1763.894061729582,-62.003430560889
488000.000000000000,1758.242304563969,-62.095650504233
490000.000000000000,1752.583128493577,-62.185530111565
492000.000000000000,1747.014529365761,-62.275684522113
494000.000000000000,1741.469121929527,-62.366080196018
496000.000000000000,1735.891175440848,-62.455122645687
498000.000000000000,1730.393951635103,-62.543699963720
500000.000000000000,1724.918076642781,-62.630381998781
502000.000000000000,1719.524078416738,-62.718373484110
504000.000000000000,1714.092227517510,-62.805056628886
506000.000000000000,1708.669054777273,-62.890256385111
508000.000000000000,1703.386773107733,-62.977329354415
510000.000000000000,1698.065647018824,-63.061439029489
512000.000000000000,1692.752166538265,-63.147870001400
514000.000000000000,1687.492735081074,-63.231164119168
516000.000000000000,1682.284875879304,-63.314355505286
518000.000000000000,1677.041209269049,-63.398758286673
520000.000000000000,1671.903641497772,-63.480574968359
522000.000000000000,1666.737469156449,-63.562824063792
524000.000000000000,1661.600601342695,-63.643993616116
526000.000000000000,1656.501627241564,-63.724556944282
528000.000000000000,1651.404981715086,-63.805856566704
530000.000000000000,1646.400486515102,-63.883953069049
532000.000000000000,1641.374930910142,-63.964001771137
534000.000000000000,1636.371548378425,-64.043733491717
536000.000000000000,1631.459045747918,-64.121004317375
538000.000000000000,1626.508645262088,-64.200132754274
540000.000000000000,1621.644341121939,-64.277293677682
542000.000000000000,1616.773119375685,-64.354178550083
544000.000000000000,1611.919577868559,-64.431509869320
546000.000000000000,1607.096271081620,-64.507799260967
548000.000000000000,1602.279559184514,-64.582366632784
550000.000000000000,1597.535709907849,-64.657861858255
552000.000000000000,1592.775060545721,-64.732767616253
554000.000000000000,1588.040057941649,-64.806990881859
556000.000000000000,1583.358363677825,-64.881304445610
558000.000000000000,1578.695156711490,-64.954271140350
560000.000000000000,1574.060915779370,-65.027797916533
562000.000000000000,1569.436421892415,-65.100254465435
564000.000000000000,1564.822356088451,-65.171894398245
566000.000000000000,1560.238081901826,-65.244729744321
568000.000000000000,1555.686180383192,-65.314605235773
570000.000000000000,1551.155209122432,-65.384715323074
572000.000000000000,1546.666339748569,-65.456326056595
574000.000000000000,1542.213389044299,-65.525504035883
576000.000000000000,1537.708048789499,-65.595877076033
578000.000000000000,1533.287849606012,-65.664940417438
580000.000000000000,1528.897799418121,-65.733304209210
582000.000000000000,1524.500181806937,-65.800488528487
584000.000000000000,1520.150966360691,-65.869617349016
586000.000000000000,1515.807833487743,-65.935946723333
588000.000000000000,1511.483615983944,-66.003841378671
590000.000000000000,1507.186051893892,-66.071006159773
592000.000000000000,1502.929707287592,-66.137642458578
594000.000000000000,1498.685702786895,-66.203873101735
596000.000000000000,1494.459439626045,-66.269362898295
598000.000000000000,1490.273662300151,-66.334668454305
600000.000000000000,1486.077084710333,-66.398369994753
602000.000000000000,1481.907309925436,-66.463493755501
604000.000000000000,1477.747921187307,-66.526113229313
606000.000000000000,1473.655967580793,-66.591459787801
608000.000000000000,1469.544493081369,-66.655360225318
610000.000000000000,1465.469020995470,-66.715937306028
612000.000000000000,1461.414040428132,-66.779940835030
614000.000000000000,1457.371347316332,-66.843116324074
616000.000000000000,1453.347504407009,-66.903324472617
618000.000000000000,1449.379037948329,-66.966681707844
620000.000000000000,1445.398388939266,-67.027644532641
622000.000000000000,1441.444312176131,-67.086604629426
624000.000000000000,1437.519932843545,-67.149067107002
626000.000000000000,1433.617733752864,-67.210219697181
628000.000000000000,1429.701910158050,-67.267063450377
630000.000000000000,1425.829722947393,-67.328931143167
632000.000000000000,1421.987828729462,-67.388706917162
634000.000000000000,1418.083020359330,-67.444151423777
636000.000000000000,1414.302866907147,-67.507389834719
638000.000000000000,1410.509266145728,-67.564999277301
640000.000000000000,1406.714642183409,-67.619943974972
642000.000000000000,1402.960603246363,-67.678118125803
644000.000000000000,1399.201492123234,-67.736656372581
646000.000000000000,1395.439232667782,-67.795500843294
648000.000000000000,1391.732204507526,-67.847330936373
650000.000000000000,1388.063405205231,-67.906268742400
652000.000000000000,1384.418978541094,-67.964016306649
654000.000000000000,1380.739593853436,-68.017600430443
656000.000000000000,1377.158346146546,-68.072991035658
658000.000000000000,1373.515336126679,-68.130009078020
660000.000000000000,1369.902583551066,-68.181501497779
662000.000000000000,1366.319628631583,-68.239433118536
664000.000000000000,1362.757915695156,-68.292385805463
666000.000000000000,1359.174183593760,-68.343438603917
668000.000000000000,1355.707089516702,-68.400749397071
670000.000000000000,1352.196865350591,-68.453902755924
672000.000000000000,1348.654869400364,-68.505580159785
674000.000000000000,1345.216219517817,-68.559441977035
676000.000000000000,1341.768951107899,-68.614138828485
678000.000000000000,1338.319618221787,-68.662407135292
680000.000000000000,1334.828566872537,-68.713959100703
682000.000000000000,1331.440844659528,-68.769326486104
684000.000000000000,1328.035511190013,-68.819415228993
686000.000000000000,1324.619186081303,-68.868659557175
688000.000000000000,1321.273520917917,-68.924721858413
690000.000000000000,1317.942884569221,-68.973366939890
692000.000000000000,1314.544166220841,-69.021578602457
694000.000000000000,1311.275517750294,-69.074386655824
696000.000000000000,1307.964803109111,-69.123334298543
698000.000000000000,1304.684206610312,-69.173638316346
700000.000000000000,1301.353107437798,-69.220210968784
702000.000000000000,1298.148243792708,-69.274073538613
704000.000000000000,1294.907918692287,-69.321490945420
706000.000000000000,1291.632941998353,-69.366915965259
708000.000000000000,1288.418441370879,-69.414322811856
710000.000000000000,1285.282509146643,-69.465513664435
712000.000000000000,1282.106982747230,-69.514996627460
714000.000000000000,1278.870330896728,-69.559795641841
716000.000000000000,1275.733727374804,-69.608457944517
718000.000000000000,1272.608671695547,-69.654739916783
720000.000000000000,1269.451920662353,-69.700272510978
722000.000000000000,1266.371444441538,-69.750532490703
724000.000000000000,1263.281420651135,-69.794533877623
726000.000000000000,1260.188841807660,-69.840860200975
728000.000000000000,1257.104643247270,-69.886088701411
730000.000000000000,1254.073011176688,-69.932293181697
732000.000000000000,1251.056509855162,-69.978243827137
734000.000000000000,1248.038051613679,-70.023360936089
736000.000000000000,1245.047822357482,-70.070347564725
738000.000000000000,1242.030691000829,-70.115628151817
740000.000000000000,1239.052916475843,-70.158258892804
742000.000000000000,1236.083820562466,-70.204470403061
744000.000000000000,1233.092442102179,-70.245517576346
746000.000000000000,1230.177923422510,-70.290691462482
748000.000000000000,1227.254218270054,-70.335279769382
750000.000000000000,1224.298360526456,-70.377360521927
752000.000000000000,1221.428058364111,-70.421054594832
754000.000000000000,1218.551088651765,-70.465134333581
756000.000000000000,1215.628257185947,-70.508839967884
758000.000000000000,1212.805424730891,-70.549589942532
760000.000000000000,1209.961838336968,-70.592215486809
762000.000000000000,1207.113037221460,-70.634730373270
764000.000000000000,1204.311656838012,-70.679068713092
766000.000000000000,1201.460454921443,-70.718400307592
768000.000000000000,1198.636590206749,-70.759863691496
770000.000000000000,1195.917934682004,-70.806041817217
772000.000000000000,1193.081853896339,-70.843755773083
774000.000000000000,1190.313927315997,-70.884248022145
776000.000000000000,1187.558657401307,-70.924531654276
778000.000000000000,1184.828600851976,-70.969103978204
780000.000000000000,1182.055678539434,-71.005453525565
782000.000000000000,1179.363450000358,-71.047827203204
784000.000000000000,1176.607825052798,-71.087869624464
786000.000000000000,1173.961000125619,-71.128234671925
788000.000000000000,1171.266280918186,-71.167369252203
790000.000000000000,1168.600275467108,-71.207982431818
792000.000000000000,1165.895808397876,-71.244920960396
794000.000000000000,1163.314134894862,-71.290971658610
796000.000000000000,1160.629991220655,-71.324651579215
798000.000000000000,1157.996572937257,-71.362648853942
800000.000000000000,1155.412566835039,-71.409516517918
802000.000000000000,1152.831625739742,-71.444902597172
804000.000000000000,1150.217043017715,-71.483997488376
806000.000000000000,1147.610420072089,-71.520905278642
808000.000000000000,1145.006306931170,-71.555977137821
810000.000000000000,1142.510069390587,-71.599063849860
812000.000000000000,1139.873964892634,-71.630186456921
814000.000000000000,1137.355650884944,-71.666605393399
816000.000000000000,1134.804785461870,-71.704380936399
818000.000000000000,1132.334812514427,-71.746173404867
820000.000000000000,1129.807460566710,-71.780506268688
822000.000000000000,1127.330763636985,-71.817916586071
824000.000000000000,1124.867761340312,-71.861611684898
826000.000000000000,1122.299252059330,-71.888121038297
828000.000000000000,1119.810348323667,-71.924028050124
830000.000000000000,1117.360572913646,-71.960312235241
832000.000000000000,1114.963538012208,-71.998415994725
834000.000000000000,1112.583222400702,-72.039523848077
836000.000000000000,1110.071550975152,-72.067548316150
838000.000000000000,1107.645885861531,-72.104941575253
840000.000000000000,1105.264681925587,-72.139885448641
842000.000000000000,1102.924523274216,-72.182240943425
844000.000000000000,1100.470965389178,-72.211054851595
846000.000000000000,1098.104310008996,-72.247056837332
848000.000000000000,1095.704981054214,-72.279090410311
850000.000000000000,1093.432055392655,-72.322564446776
852000.000000000000,1091.039023517521,-72.350986961600
854000.000000000000,1088.705993747555,-72.389674147330
856000.000000000000,1086.388859335014,-72.420028323590
858000.000000000000,1084.088998041366,-72.458349040958
860000.000000000000,1081.734966806235,-72.486718072881
862000.000000000000,1079.417142665496,-72.518560016712
864000.000000000000,1077.098713637010,-72.551712065298
866000.000000000000,1074.902918709533,-72.593150809170
868000.000000000000,1072.530876065108,-72.618499464588
870000.000000000000,1070.294162137255,-72.650012128921
872000.000000000000,1068.079031537634,-72.688279755145
874000.000000000000,1065.875396894882,-72.724823866532
876000.000000000000,1063.574546787203,-72.748940657189
878000.000000000000,1061.397513584153,-72.790080991365
880000.000000000000,1059.140326741646,-72.816516411443
882000.000000000000,1056.990090744980,-72.852467717507
884000.000000000000,1054.777989903638,-72.883945297777
886000.000000000000,1052.580640976600,-72.915996510158
888000.000000000000,1050.386068931742,-72.946234363096
890000.000000000000,1048.234398911499,-72.978673164841
892000.000000000000,1046.060796618028,-73.012429757385
894000.000000000000,1043.905990920349,-73.041469532158
896000.000000000000,1041.734960769563,-73.070801203865
898000.000000000000,1039.630144690413,-73.103262559722
900000.000000000000,1037.477549460512,-73.134587469362
902000.000000000000,1035.377732201554,-73.168114010016
904000.000000000000,1033.241736698311,-73.200771112327
906000.000000000000,1031.093414964686,-73.224514675043
908000.000000000000,1029.001373289366,-73.254171286484
910000.000000000000,1026.955617199727,-73.289395311354
912000.000000000000,1024.855406101414,-73.318166524865
914000.000000000000,1022.801048639307,-73.350357635273
916000.000000000000,1020.712094568106,-73.380859614642
918000.000000000000,1018.625307663863,-73.403830059939
920000.000000000000,1016.604359720218,-73.437299145938
922000.000000000000,1014.555539985304,-73.470261803762
924000.000000000000,1012.528858280882,-73.501024484715
926000.000000000000,1010.400249901418,-73.523281913341
928000.000000000000,1008.445023522066,-73.560285032346
930000.000000000000,1006.459064871253,-73.588329065921
932000.000000000000,1004.426041486170,-73.613386075387
934000.000000000000,1002.455105234111,-73.644719782420
936000.000000000000,1000.354396476879,-73.664894238917
938000.000000000000,998.494226009837,-73.703938251670
940000.000000000000,996.498998580463,-73.726903172730
942000.000000000000,994.539837898183,-73.757044751820
944000.000000000000,992.562520454081,-73.789474168557
946000.000000000000,990.535512472720,-73.809370549998
948000.000000000000,988.688358772936,-73.846231795028
950000.000000000000,986.758841900090,-73.874021359946
952000.000000000000,984.792549454539,-73.900626334727
954000.000000000000,982.781644139029,-73.918742359902
956000.000000000000,980.924406270533,-73.957709595739
958000.000000000000,979.062806536034,-73.983573923100
960000.000000000000,977.142244149582,-74.010689501631
962000.000000000000,975.286389998907,-74.039272120836
964000.000000000000,973.256200277770,-74.052568523215
966000.000000000000,971.489860687278,-74.093816844525
968000.000000000000,969.586230977596,-74.120255891659
970000.000000000000,967.729854974722,-74.147740727451
972000.000000000000,965.870179909072,-74.174828952719
974000.000000000000,963.947904131695,-74.190398708973
976000.000000000000,962.170210367376,-74.226698549464
978000.000000000000,960.356253705196,-74.253114788092
980000.000000000000,958.524099797261,-74.278864317962
982000.000000000000,956.599700473412,-74.294591310677
984000.000000000000,954.872700826743,-74.332447800989
986000.000000000000,953.059413068924,-74.359045087935
988000.000000000000,951.235149460643,-74.385196305134
990000.000000000000,949.444548311060,-74.410340701879
992000.000000000000,947.565839073565,-74.427159007103
994000.000000000000,945.796014610839,-74.454320435106
996000.000000000000,944.101897964719,-74.485051313534
998000.000000000000,942.283623699887,-74.513897965649
1000000.000000000000,940.542907847133,-74.536792862431
1002000.000000000000,938.651233768779,-74.549032705908
1004000.000000000000,937.018166746682,-74.586659148222
1006000.000000000000,935.260623348599,-74.612823400467
1008000.000000000000,933.520956443946,-74.636821219392
1010000.000000000000,931.791723892869,-74.662314573519
1012000.000000000000,929.918678688214,-74.673738107609
1014000.000000000000,928.314343616219,-74.708770180501
1016000.000000000000,926.598560707793,-74.734534828946
1018000.000000000000,924.890935982068,-74.760256097018
1020000.000000000000,923.183390612111,-74.786442836833
1022000.000000000000,921.354622650536,-74.795929096657
1024000.000000000000,919.790797399345,-74.833451213863
1026000.000000000000,918.089185931617,-74.854340204821
1028000.000000000000,916.397951958070,-74.878345079528
1030000.000000000000,914.763017030836,-74.905293020027
1032000.000000000000,912.966353329963,-74.916303948648
1034000.000000000000,911.319718440726,-74.943540689783
1036000.000000000000,909.787182555913,-74.976683015396
1038000.000000000000,908.105897398711,-74.995856754139
1040000.000000000000,906.425708013016,-75.019995269490
1042000.000000000000,904.756233158782,-75.039914095981
1044000.000000000000,903.168701970001,-75.069046665688
1046000.000000000000,901.552748133432,-75.091149553580
1048000.000000000000,899.889974655548,-75.115921886031
1050000.000000000000,898.267348392316,-75.136575932441
1052000.000000000000,896.667980177976,-75.158803807333
1054000.000000000000,895.054687626724,-75.183396792663
1056000.000000000000,893.441070918014,-75.198840944094
1058000.000000000000,891.892612501996,-75.226480839209
1060000.000000000000,890.268019008106,-75.251925268234
1062000.000000000000,888.727791780544,-75.276890362539
1064000.000000000000,887.048233173523,-75.286405827050
1066000.000000000000,885.449082814984,-75.309805614220
1068000.000000000000,883.950040744978,-75.340891678429
1070000.000000000000,882.352908574919,-75.359308933828
1072000.000000000000,880.816649431024,-75.381426996180
1074000.000000000000,879.219538093829,-75.397422825747
1076000.000000000000,877.724912675782,-75.426431950685
1078000.000000000000,876.192270789653,-75.449651370936
1080000.000000000000,874.566114396035,-75.461647110457
1082000.000000000000,873.108223391408,-75.488235864444
1084000.000000000000,871.510720029571,-75.505127999332
1086000.000000000000,870.015291385403,-75.527438421067
1088000.000000000000,868.554376552292,-75.556684879823
1090000.000000000000,866.963494633638,-75.567292372816
1092000.000000000000,865.469461960293,-75.591232707657
1094000.000000000000,864.068048093086,-75.623480097821
1096000.000000000000,862.414527306133,-75.630266639020
1098000.000000000000,861.024047266150,-75.657104279821
1100000.000000000000,859.433963479531,-75.669880551010
1102000.000000000000,858.014083540185,-75.697550119323
1104000.000000000000,856.618071963107,-75.731100314707
1106000.000000000000,855.046629670888,-75.735005628625
1108000.000000000000,853.591569771604,-75.758354983484
1110000.000000000000,852.121665083457,-75.779529067415
1112000.000000000000,850.621375452139,-75.796218140084
1114000.000000000000,849.314443342827,-75.831644809753
1116000.000000000000,847.690204894199,-75.834841788515
1118000.000000000000,846.344473445322,-75.861198281691
1120000.000000000000,844.867696118718,-75.878170542639
1122000.000000000000,843.437483850480,-75.898562300250
1124000.000000000000,842.005411612221,-75.918061816935
1126000.000000000000,840.698132634071,-75.954443732055
1128000.000000000000,839.130714110095,-75.956376420573
1130000.000000000000,837.745168258961,-75.975145362422
1132000.000000000000,836.324383683494,-75.996659801013
1134000.000000000000,834.891972459407,-76.014662346451
1136000.000000000000,833.639627345994,-76.048017395086
1138000.000000000000,832.075887417271,-76.053758537797
1140000.000000000000,830.682157783491,-76.073584660157
1142000.000000000000,829.409523750180,-76.099947371220
1144000.000000000000,827.998142195580,-76.118477011262
1146000.000000000000,826.576116122665,-76.133727871860
1148000.000000000000,825.375241148980,-76.168129673331
1150000.000000000000,823.822203131241,-76.169456500847
1152000.000000000000,822.501699663372,-76.191035514896
1154000.000000000000,821.117143850996,-76.207950224392
1156000.000000000000,819.750000463122,-76.226644109867
1158000.000000000000,818.542282027100,-76.264148194741
1160000.000000000000,817.034129739681,-76.265358376934
1162000.000000000000,815.663822916765,-76.282170890363
1164000.000000000000,814.394548463143,-76.305750559984
1166000.000000000000,813.043414017247,-76.326332933835
1168000.000000000000,811.785601403992,-76.350322360022
1170000.000000000000,810.464184601856,-76.374285391246
1172000.000000000000,809.026233288253,-76.376614544620
1174000.000000000000,807.710635579506,-76.396489859177
1176000.000000000000,806.376325658645,-76.412970677253
1178000.000000000000,805.054663437441,-76.430760761031
1180000.000000000000,803.798050101208,-76.450709005621
1182000.000000000000,802.513951034877,-76.472012276607
1184000.000000000000,801.263828613359,-76.492750175080
1186000.000000000000,799.941910604482,-76.507746811252
1188000.000000000000,798.588097841394,-76.521683190316
1190000.000000000000,797.304833320900,-76.537046358423
1192000.000000000000,796.011069111488,-76.554574084644
1194000.000000000000,794.743660420303,-76.574329822471
1196000.000000000000,793.561580824167,-76.601302132283
1198000.000000000000,792.239666060437,-76.611483285802
1200000.000000000000,790.931359705621,-76.627409253901
1202000.000000000000,789.627857016579,-76.642811817807
1204000.000000000000,788.473810210043,-76.670850333148
1206000.000000000000,787.170983809408,-76.683151746822
1208000.000000000000,785.973867214076,-76.703136624210
1210000.000000000000,784.658644120044,-76.716006933854
1212000.000000000000,783.525438803834,-76.746499528172
1214000.000000000000,782.154262048378,-76.746743753193
1216000.000000000000,781.078957787375,-76.783871936756
1218000.000000000000,779.672118718596,-76.782371204632
1220000.000000000000,778.459853700291,-76.800781096575
1222000.000000000000,777.299806267420,-76.819713510481
1224000.000000000000,776.070030996246,-76.842712633632
1226000.000000000000,774.896609870510,-76.860657508058
1228000.000000000000,773.695681423002,-76.878990474438
1230000.000000000000,772.450165385474,-76.892732054108
1232000.000000000000,771.127509874565,-76.898988095353
1234000.000000000000,769.912016514434,-76.914668873803
1236000.000000000000,768.734681167783,-76.936136850203
1238000.000000000000,767.596901620832,-76.953770868235
1240000.000000000000,766.422276839077,-76.972729625761
1242000.000000000000,765.197241374505,-76.984750864683
1244000.000000000000,764.031704934404,-77.005074133936
1246000.000000000000,762.837305273614,-77.020285331186
1248000.000000000000,761.628115296966,-77.034146312302
1250000.000000000000,760.483979567349,-77.054114603612
1252000.000000000000,759.318204300266,-77.070347112877
1254000.000000000000,758.155958153565,-77.085468078413
1256000.000000000000,757.055862907774,-77.105824763829
1258000.000000000000,755.756690554179,-77.109909624725
1260000.000000000000,754.737795741418,-77.140092439062
1262000.000000000000,753.603862243680,-77.159396414855
1264000.000000000000,752.437963678337,-77.172952564338
1266000.000000000000,751.319329797799,-77.188081457384
1268000.000000000000,750.189557585043,-77.206099845521
1270000.000000000000,748.880830432895,-77.209430095006
1272000.000000000000,747.849084433680,-77.232080438374
1274000.000000000000,746.744485578273,-77.250440634915
1276000.000000000000,745.641366544139,-77.270993695239
1278000.000000000000,744.405950366673,-77.275619507149
1280000.000000000000,743.287789507556,-77.286236026362
1282000.000000000000,742.131992331099,-77.300854827662
1284000.000000000000,741.004474005786,-77.320214963970
1286000.000000000000,739.931574095776,-77.336111622596
1288000.000000000000,738.827660412426,-77.350249400361
1290000.000000000000,737.620794170203,-77.356097098631
1292000.000000000000,736.751647577341,-77.393228788386
1294000.000000000000,735.623256557908,-77.410879294403
1296000.000000000000,734.398455260741,-77.415291836850
1298000.000000000000,733.246578231276,-77.419107689340
1300000.000000000000,732.322319975336,-77.454325620357
1302000.000000000000,731.028141315575,-77.445408887552
1304000.000000000000,730.024476316458,-77.472165953625
1306000.000000000000,729.105249066695,-77.499665918993
1308000.000000000000,727.920791960198,-77.508220794601
1310000.000000000000,726.816757656104,-77.519203405984
1312000.000000000000,725.757215992043,-77.538801258237
1314000.000000000000,724.616697018864,-77.539319179923
1316000.000000000000,723.683958178011,-77.568637097175
1318000.000000000000,722.483810188693,-77.568529362574
1320000.000000000000,721.553000555122,-77.601997811189
1322000.000000000000,720.466006588040,-77.609430196846
1324000.000000000000,719.436100795495,-77.633232427912
1326000.000000000000,718.391208507331,-77.647561127617
1328000.000000000000,717.308528770951,-77.653692683541
1330000.000000000000,716.313752600687,-77.673267907411
1332000.000000000000,715.252219981961,-77.688794422806
1334000.000000000000,714.212853943831,-77.700190140379
1336000.000000000000,713.158579391677,-77.715183371289
1338000.000000000000,712.137624746892,-77.731511074492
1340000.000000000000,710.866115851509,-77.717687197705
1342000.000000000000,710.044136949257,-77.752353940517
1344000.000000000000,708.989404006363,-77.769251315182
1346000.000000000000,707.902508787137,-77.773296127138
1348000.000000000000,706.996600701397,-77.797147919561
1350000.000000000000,705.959304959850,-77.814353477606
1352000.000000000000,704.913406623657,-77.823411514062
1354000.000000000000,703.755833842138,-77.820775624412
1356000.000000000000,702.847096057422,-77.845488871057
1358000.000000000000,701.885007735284,-77.865645394175
1360000.000000000000,700.908369889973,-77.880147326575
1362000.000000000000,699.867112354844,-77.889363732401
1364000.000000000000,698.926036204854,-77.908057034420
1366000.000000000000,697.810361815423,-77.906958083581
1368000.000000000000,696.916501366891,-77.935127593861
1370000.000000000000,695.944413150959,-77.947093995252
1372000.000000000000,694.905142735150,-77.955956797121
1374000.000000000000,693.986869825311,-77.973792363111
1376000.000000000000,692.949001063500,-77.986418594956
1378000.000000000000,691.961537045392,-77.997091678680
1380000.000000000000,690.814501810824,-77.989696774910
1382000.000000000000,689.950466159975,-78.014294829429
1384000.000000000000,689.080385703167,-78.041983593454
1386000.000000000000,688.050191521713,-78.049716391464
1388000.000000000000,687.053553505874,-78.058730359109
1390000.000000000000,686.097234479967,-78.072166301710
1392000.000000000000,685.204055722188,-78.089509164121
1394000.000000000000,684.168159295441,-78.097155001571
1396000.000000000000,683.165519006602,-78.104409504743
1398000.000000000000,682.184411243735,-78.115756484970
1400000.000000000000,681.319603879770,-78.135845996901
1402000.000000000000,680.300822379460,-78.138298312747
1404000.000000000000,679.409596184873,-78.159944351910
1406000.000000000000,678.346324793323,-78.163024293476
1408000.000000000000,677.388973133899,-78.172844247115
1410000.000000000000,676.433132374093,-78.183185147138
1412000.000000000000,675.544534619333,-78.199098333847
1414000.000000000000,674.502383032120,-78.204677685730
1416000.000000000000,673.772615482591,-78.234174072985
1418000.000000000000,672.843714498892,-78.249410637557
1420000.000000000000,671.805760323043,-78.245052094854
1422000.000000000000,670.802030161244,-78.253349148204
1424000.000000000000,669.938555464266,-78.272443148684
1426000.000000000000,669.215436102022,-78.304424098347
1428000.000000000000,668.314634474097,-78.314146165822
1430000.000000000000,667.197868590368,-78.307539092386
1432000.000000000000,666.363879901071,-78.326661448089
1434000.000000000000,665.520619659949,-78.344858824001
1436000.000000000000,664.562279558097,-78.350221718104
1438000.000000000000,663.722204137334,-78.373960046080
1440000.000000000000,662.716518084927,-78.373559221652
1442000.000000000000,661.924490800257,-78.397952637502
1444000.000000000000,660.889285072098,-78.398126737113
1446000.000000000000,660.105879708039,-78.418257768112
1448000.000000000000,659.254965517066,-78.435472308561
1450000.000000000000,658.104110321690,-78.417369906143
1452000.000000000000,657.175851917529,-78.431603384707
1454000.000000000000,656.345917542980,-78.448792208943
1456000.000000000000,655.695026963652,-78.479835001197
1458000.000000000000,654.654281611369,-78.478528554440
1460000.000000000000,653.707881874002,-78.480797485402
1462000.000000000000,652.978537786913,-78.513054883843
1464000.000000000000,652.038721124859,-78.517926860889
1466000.000000000000,651.114629543395,-78.521190629600
1468000.000000000000,650.146105088487,-78.525880840930
1470000.000000000000,649.298341597851,-78.540826082116
1472000.000000000000,648.416411797811,-78.547368619399
1474000.000000000000,647.547883910711,-78.555834955690
1476000.000000000000,646.879937301451,-78.587621529089
1478000.000000000000,646.140237435493,-78.610508305020
1480000.000000000000,644.950492064293,-78.594104893784
1482000.000000000000,644.254428356369,-78.619203682147
1484000.000000000000,643.381898139887,-78.626103146216
1486000.000000000000,642.382042797801,-78.624775494214
1488000.000000000000,641.651711421910,-78.648159532714
1490000.000000000000,640.833081210158,-78.661566007325
1492000.000000000000,640.147623971614,-78.689105663700
1494000.000000000000,639.003233278365,-78.669037499304
1496000.000000000000,638.189260789357,-78.680650834788
1498000.000000000000,637.365294895949,-78.699688157873
1500000.000000000000,636.627510942045,-78.721912188025
1502000.000000000000,635.705290894814,-78.718062495010
1504000.000000000000,634.828221168816,-78.724306909565
1506000.000000000000,634.104789281449,-78.749813107882
1508000.000000000000,633.141435399775,-78.749827102284
1510000.000000000000,632.502623392761,-78.771867802511
1512000.000000000000,631.523371669801,-78.770958236983
1514000.000000000000,630.742963996866,-78.785082715743
1516000.000000000000,629.865831982258,-78.789108388025
1518000.000000000000,629.016898696087,-78.800038920409
1520000.000000000000,628.436023014655,-78.834736302745
1522000.000000000000,627.400495082391,-78.819401656871
1524000.000000000000,626.663227743150,-78.834595594999
1526000.000000000000,625.775652891892,-78.842225475520
1528000.000000000000,625.310445075018,-78.884245811970
1530000.000000000000,624.231053519485,-78.866365366311
1532000.000000000000,623.343407918451,-78.873749541709
1534000.000000000000,622.592484145536,-78.886948736014
1536000.000000000000,621.829350924521,-78.899718863775
1538000.000000000000,621.111447672119,-78.916436034517
1540000.000000000000,620.384862701597,-78.935992136498
1542000.000000000000,619.581981882896,-78.949008351246
1544000.000000000000,618.613512351437,-78.935692606216
1546000.000000000000,617.964822956225,-78.959872097684
1548000.000000000000,617.005365486669,-78.955130935973
1550000.000000000000,616.435512221532,-78.990665903864
1552000.000000000000,615.561480041721,-78.986198632744
1554000.000000000000,614.681027252017,-78.988870932355
1556000.000000000000,613.906081142894,-78.998418072922
1558000.000000000000,613.103492277991,-79.006882626725
1560000.000000000000,612.318153735862,-79.012316990439
1562000.000000000000,611.621429222844,-79.033484271611
1564000.000000000000,610.837633872899,-79.041431576582
1566000.000000000000,610.342098900772,-79.074467924965
1568000.000000000000,609.549598778054,-79.084823970122
1570000.000000000000,608.615523502892,-79.082465052412
1572000.000000000000,607.848579489098,-79.086390718898
1574000.000000000000,607.005807561992,-79.089044780822
1576000.000000000000,606.494918211004,-79.121600066768
1578000.000000000000,605.573433941759,-79.117044341718
1580000.000000000000,604.815580302317,-79.127098078185
1582000.000000000000,603.962807850918,-79.128295624565
1584000.000000000000,603.143377118672,-79.134104271417
1586000.000000000000,602.466143409251,-79.145988011441
1588000.000000000000,601.634332708534,-79.152582980563
1590000.000000000000,600.828281829099,-79.156783608355
1592000.000000000000,600.292234597779,-79.183387676745
1594000.000000000000,599.512889590301,-79.192105356640
1596000.000000000000,598.870664473978,-79.204861724511
1598000.000000000000,598.209327386571,-79.226782639313
1600000.000000000000,597.424105965422,-79.229979894325
1602000.000000000000,596.544678885893,-79.224639422438
1604000.000000000000,596.051946523146,-79.254975530283
1606000.000000000000,595.270246729705,-79.264251116866
1608000.000000000000,594.531691912916,-79.274770033658
1610000.000000000000,593.801607882770,-79.286167869683
1612000.000000000000,593.087030274440,-79.296694005718
1614000.000000000000,592.371328955225,-79.310164210026
1616000.000000000000,591.584388651846,-79.307243917806
1618000.000000000000,590.676739212026,-79.304048916135
1620000.000000000000,590.176732213814,-79.332591418982
1622000.000000000000,589.358383255785,-79.333455871130
1624000.000000000000,588.742693647003,-79.348917912048
1626000.000000000000,587.902451572144,-79.349826852745
1628000.000000000000,587.068147423537,-79.345390347420
1630000.000000000000,586.502937968635,-79.370115035744
1632000.000000000000,585.840331529704,-79.380326710910
1634000.000000000000,584.888810558844,-79.371252056808
1636000.000000000000,584.289352824614,-79.389317950980
1638000.000000000000,583.771482173091,-79.419837908313
1640000.000000000000,582.888772613857,-79.411339062627
1642000.000000000000,582.211502509734,-79.424727920842
1644000.000000000000,581.291867580465,-79.411771112402
1646000.000000000000,580.826209869265,-79.441850083155
1648000.000000000000,580.134329464086,-79.452131641815
1650000.000000000000,579.575126742830,-79.468456522670
1652000.000000000000,578.842657199475,-79.480176773283
1654000.000000000000,578.184679776297,-79.489902308160
1656000.000000000000,577.426097821032,-79.497062217924
1658000.000000000000,576.727337237004,-79.505690220610
1660000.000000000000,575.889580068260,-79.500336823746
1662000.000000000000,575.300698326769,-79.522016818763
1664000.000000000000,574.505084911598,-79.513833885348
1666000.000000000000,573.812346666462,-79.525147022486
1668000.000000000000,573.213816530332,-79.540535930135
1670000.000000000000,572.590347856134,-79.557642410680
1672000.000000000000,571.911315452924,-79.562643980000
1674000.000000000000,571.283873032908,-79.573444220388
1676000.000000000000,570.613909845874,-79.585978305775
1678000.000000000000,569.879813049843,-79.591545664458
1680000.000000000000,569.205657800890,-79.600039189732
1682000.000000000000,568.535946469643,-79.609917894143
1684000.000000000000,567.873646598442,-79.619927790369
1686000.000000000000,567.169226346036,-79.631328869457
1688000.000000000000,566.505033549202,-79.636982234976
1690000.000000000000,565.879572907823,-79.638008799271
1692000.000000000000,564.876066500870,-79.621018572754
1694000.000000000000,564.565389917353,-79.659668934791
1696000.000000000000,563.745425947034,-79.652758802614
1698000.000000000000,563.181875771989,-79.673073444902
1700000.000000000000,562.534253223070,-79.686141441176
1702000.000000000000,561.863334518265,-79.690338775000
1704000.000000000000,561.257623919865,-79.702142018962
1706000.000000000000,560.428919144979,-79.706097675616
1708000.000000000000,559.902637767490,-79.720973323491
1710000.000000000000,559.113800296159,-79.711289121624
1712000.000000000000,558.572586774629,-79.731841059949
1714000.000000000000,557.945926892551,-79.741937905728
1716000.000000000000,557.286241399983,-79.747838174429
1718000.000000000000,556.595405629357,-79.754091030411
1720000.000000000000,556.043926306857,-79.767610624605
1722000.000000000000,555.303886936420,-79.770344243902
1724000.000000000000,554.649936345364,-79.776609073257
1726000.000000000000,554.111914702956,-79.789345165364
1728000.000000000000,553.261356072245,-79.780737386842
1730000.000000000000,552.808457165382,-79.809418853010
1732000.000000000000,552.132593107150,-79.813175204664
1734000.000000000000,551.530264878452,-79.822610768864
1736000.000000000000,550.872834669694,-79.831844273077
1738000.000000000000,550.118530704340,-79.826264368970
1740000.000000000000,549.618717621471,-79.843044578344
1742000.000000000000,548.986889168777,-79.855034074579
1744000.000000000000,548.327964165680,-79.857827712255
1746000.000000000000,547.712811071644,-79.864888196209
1748000.000000000000,547.102548061487,-79.875932151571
1750000.000000000000,546.224448051444,-79.863206953453
1752000.000000000000,545.831953648339,-79.888186512822
1754000.000000000000,545.094515620541,-79.888513310626
1756000.000000000000,544.588218185165,-79.905855461864
1758000.000000000000,543.976040048268,-79.915630276102
1760000.000000000000,543.122460903783,-79.896361191965
1762000.000000000000,542.749635514914,-79.921985962414
1764000.000000000000,541.716562838340,-79.900574962648
1766000.000000000000,541.313335838085,-79.926102776896
1768000.000000000000,540.904997398562,-79.952364589528
1770000.000000000000,540.270624852455,-79.958853513350
1772000.000000000000,539.414020033438,-79.945186281525
1774000.000000000000,538.787462544790,-79.946096378499
1776000.000000000000,538.488321899826,-79.981644773533
1778000.000000000000,537.485255291920,-79.955856145580
1780000.000000000000,537.010654692063,-79.970953898341
1782000.000000000000,536.283455528612,-79.968812229194
1784000.000000000000,535.937295841552,-80.005244444506
1786000.000000000000,535.319331387297,-80.010129744419
1788000.000000000000,534.586058420472,-80.003857994545
1790000.000000000000,533.888551068425,-80.004165239636
1792000.000000000000,533.237273373496,-80.008883669235
1794000.000000000000,533.039801183684,-80.046949240984
1796000.000000000000,532.336952876125,-80.045416381900
1798000.000000000000,531.446463453434,-80.031886691187
1800000.000000000000,531.087633572699,-80.054737845306
1802000.000000000000,530.324331851606,-80.048787905700
1804000.000000000000,529.911328121082,-80.067736607163
1806000.000000000000,529.164769286568,-80.059863880174
1808000.000000000000,528.655906263220,-80.074056794418
1810000.000000000000,528.343567840519,-80.108482277917
1812000.000000000000,527.378272520060,-80.086262560625
1814000.000000000000,526.806348999824,-80.096092941390
1816000.000000000000,526.310281950754,-80.102188414794
1818000.000000000000,525.573033111350,-80.097723455232
1820000.000000000000,525.010544500981,-80.110611411915
1822000.000000000000,524.567424281671,-80.120669662058
1824000.000000000000,523.906657671843,-80.127635151685
1826000.000000000000,523.332265302043,-80.133254343310
1828000.000000000000,523.068775850744,-80.169982987046
1830000.000000000000,522.106954461345,-80.139006287996
1832000.000000000000,521.873515056369,-80.176027745671
1834000.000000000000,521.308534584802,-80.188014731370
1836000.000000000000,520.393485323558,-80.160492906467
1838000.000000000000,519.821368512043,-80.167745531305
1840000.000000000000,519.189441336804,-80.175970279636
1842000.000000000000,518.711845355672,-80.184425626001
1844000.000000000000,518.376732015364,-80.211361625881
1846000.000000000000,517.771889217572,-80.216239711052
1848000.000000000000,517.250663535633,-80.229182383612
1850000.000000000000,516.388311432087,-80.203458192043
1852000.000000000000,515.797485999753,-80.215599581105
1854000.000000000000,515.368426619998,-80.229053076639
1856000.000000000000,514.979713684920,-80.250807874266
1858000.000000000000,514.160534400784,-80.236509570633
1860000.000000000000,513.669515972622,-80.252852979214
1862000.000000000000,513.101215415280,-80.254359674636
1864000.000000000000,512.451774299749,-80.252507871688
1866000.000000000000,511.927178866255,-80.258428614557
1868000.000000000000,511.485366285078,-80.280536177679
1870000.000000000000,510.853368936313,-80.280193749612
1872000.000000000000,510.237338595175,-80.281274960309
1874000.000000000000,509.816497001332,-80.302553096994
1876000.000000000000,509.143103622001,-80.294481736594
1878000.000000000000,508.594673329187,-80.300511608818
1880000.000000000000,508.052115343712,-80.312759204561
1882000.000000000000,507.545609625179,-80.316678511443
1884000.000000000000,507.222612130172,-80.346247512761
1886000.000000000000,506.399835272926,-80.328518243908
1888000.000000000000,505.871582939338,-80.330073935104
1890000.000000000000,505.356106497946,-80.342412468619
1892000.000000000000,504.954059239662,-80.358798375064
1894000.000000000000,504.447263255458,-80.370698516025
1896000.000000000000,503.861426111355,-80.370036010016
1898000.000000000000,503.191800692042,-80.364452989709
1900000.000000000000,502.623054754079,-80.374655510293
1902000.000000000000,502.161043915902,-80.383761960608
1904000.000000000000,501.792660809127,-80.401367644715
1906000.000000000000,501.044528398366,-80.390202433561
1908000.000000000000,500.634304112944,-80.407758929748
1910000.000000000000,499.896497696837,-80.403001519307
1912000.000000000000,499.490554269054,-80.415845422314
1914000.000000000000,498.946909508622,-80.419316266916
1916000.000000000000,498.439734294515,-80.423022710052
1918000.000000000000,498.272786934390,-80.464182138941
1920000.000000000000,497.305993759687,-80.429271302666
1922000.000000000000,496.937109339875,-80.452749983461
1924000.000000000000,496.471718078050,-80.463585827604
1926000.000000000000,495.733023279816,-80.450340854739
1928000.000000000000,495.411664104021,-80.472447570139
1930000.000000000000,494.929891332802,-80.484703143343
1932000.000000000000,494.169679030255,-80.466942729278
1934000.000000000000,493.660357897031,-80.481271184321
1936000.000000000000,493.265004800917,-80.491943662447
1938000.000000000000,492.675642903004,-80.489577592131
1940000.000000000000,492.147738570618,-80.499597917671
1942000.000000000000,491.699575153967,-80.502623733670
1944000.000000000000,491.370814390723,-80.524781002443
1946000.000000000000,490.585898818107,-80.511898557581
1948000.000000000000,490.065988794235,-80.517337280992
1950000.000000000000,489.564016596893,-80.521801016270
1952000.000000000000,489.154490042385,-80.544215121790
1954000.000000000000,488.814011356060,-80.559287316150
1956000.000000000000,488.097622150709,-80.554347900305
1958000.000000000000,487.978854048734,-80.582761581039
1960000.000000000000,487.373630811055,-80.580227905035
1962000.000000000000,486.553885643488,-80.565056525703
1964000.000000000000,486.139174581067,-80.566579987096
1966000.000000000000,485.557101303955,-80.580332682186
1968000.000000000000,485.147161686534,-80.588823497490
1970000.000000000000,484.669890449159,-80.601113044745
1972000.000000000000,484.364333131471,-80.624976169320
1974000.000000000000,483.754801714006,-80.612595918961
1976000.000000000000,483.014180796269,-80.596201342614
1978000.000000000000,482.940792148094,-80.645166863060
1980000.000000000000,482.096396236189,-80.614046088303
1982000.000000000000,482.002676074607,-80.655790333641
1984000.000000000000,481.122784006358,-80.626727166799
1986000.000000000000,481.018200508876,-80.661217332549
1988000.000000000000,480.065597075424,-80.639209291797
1990000.000000000000,479.498511592535,-80.641664101534
1992000.000000000000,479.494595766088,-80.682771128417
1994000.000000000000,479.028818548339,-80.689313441198
1996000.000000000000,478.524606337763,-80.694455575914
1998000.000000000000,478.075308266733,-80.699044077533
