Barrido en frecuencia -> f_inicial:2000, f_final:2000000, f_step:2000
Parametros -> N: 512, Fuente: 1, F_dac:1997922.081500 
Formato -> f,r,phi

2000.000000000000,3702.158014721282,-0.135876422496
4000.000000000000,3707.999064348993,-0.287294753792
6000.000000000000,3717.363541884934,-0.475979798186
8000.000000000000,3729.162504183431,-0.711677215130
10000.000000000000,3742.065754885024,-1.001564255966
12000.000000000000,3755.177602541804,-1.340394555667
14000.000000000000,3767.681542315868,-1.722509593075
16000.000000000000,3779.305574394837,-2.138101419611
18000.000000000000,3789.710984166241,-2.581267577522
20000.000000000000,3798.814253120167,-3.048609475750
22000.000000000000,3806.423149317409,-3.530257666786
24000.000000000000,3812.833497810872,-4.024302961079
26000.000000000000,3817.984443902307,-4.536036677284
28000.000000000000,3821.563715729721,-5.045675937540
30000.000000000000,3824.107198468620,-5.553703725820
32000.000000000000,3825.475954340965,-6.063139785540
34000.000000000000,3826.093178283979,-6.570391309807
36000.000000000000,3825.919253169104,-7.075636241080
38000.000000000000,3824.755211606181,-7.578378306813
40000.000000000000,3823.093280323285,-8.080554820689
42000.000000000000,3820.722500240604,-8.578616623489
44000.000000000000,3817.790180823831,-9.074047182456
46000.000000000000,3814.459875817649,-9.566284412506
48000.000000000000,3810.433362842040,-10.056582560639
50000.000000000000,3806.082779414145,-10.542032621753
52000.000000000000,3801.216836587503,-11.024342816402
54000.000000000000,3796.006631627927,-11.504897675758
56000.000000000000,3790.372267421065,-11.980356743443
58000.000000000000,3784.548234168543,-12.454059078967
60000.000000000000,3778.303173659998,-12.923760056790
62000.000000000000,3771.737655901635,-13.390753406008
64000.000000000000,3764.793044253010,-13.853817323950
66000.000000000000,3757.628373071089,-14.314445213433
68000.000000000000,3750.226991729495,-14.772137746525
70000.000000000000,3742.601043810334,-15.226705175926
72000.000000000000,3734.739505593406,-15.677910229249
74000.000000000000,3726.637472720367,-16.125713972594
76000.000000000000,3718.227018579749,-16.570857994643
78000.000000000000,3709.631554612144,-17.012854739839
80000.000000000000,3700.921762269384,-17.452009717120
82000.000000000000,3691.871637361228,-17.888399450792
84000.000000000000,3682.704493630375,-18.321400929748
86000.000000000000,3673.386903079542,-18.751722528757
88000.000000000000,3663.893130795651,-19.178878789067
90000.000000000000,3654.263561510937,-19.602795954154
92000.000000000000,3644.415528292270,-20.024384655156
94000.000000000000,3634.410764689989,-20.442880967195
96000.000000000000,3624.313844335065,-20.857874633711
98000.000000000000,3614.014397840948,-21.270733881205
100000.000000000000,3603.649187112374,-21.680035862329
102000.000000000000,3593.103260506701,-22.086522524115
104000.000000000000,3582.562934794682,-22.490291249877
106000.000000000000,3571.765050874047,-22.891592717872
108000.000000000000,3560.882666451645,-23.289908305801
110000.000000000000,3549.916141957735,-23.685809687723
112000.000000000000,3538.813451180808,-24.076859557296
114000.000000000000,3527.740294833712,-24.466697056093
116000.000000000000,3516.327799952591,-24.852614200494
118000.000000000000,3504.985116171155,-25.235131574449
120000.000000000000,3493.555941739985,-25.616136359553
122000.000000000000,3482.014247243451,-25.994100523736
124000.000000000000,3470.431164647912,-26.369092795384
126000.000000000000,3458.742353975088,-26.741645303498
128000.000000000000,3447.051075303245,-27.110532685803
130000.000000000000,3435.237153750227,-27.477211436565
132000.000000000000,3423.352752836613,-27.839787549563
134000.000000000000,3411.473001257467,-28.201632129387
136000.000000000000,3399.514206722431,-28.559167541432
138000.000000000000,3387.586280158127,-28.914991475386
140000.000000000000,3375.464291588064,-29.267468757560
142000.000000000000,3363.394989258544,-29.616750524177
144000.000000000000,3351.330134308563,-29.963057350585
146000.000000000000,3339.126434708001,-30.307832904633
148000.000000000000,3327.006113360005,-30.648371912111
150000.000000000000,3314.776019963017,-30.987484023407
152000.000000000000,3302.570075556253,-31.324335382171
154000.000000000000,3290.315518447368,-31.656945944358
156000.000000000000,3278.120295176288,-31.987488300986
158000.000000000000,3265.762090265625,-32.315300615243
160000.000000000000,3253.444699397114,-32.640274615278
162000.000000000000,3241.118818605451,-32.964047829900
164000.000000000000,3228.849412684338,-33.284168467074
166000.000000000000,3216.553855944916,-33.601257278752
168000.000000000000,3204.258646159285,-33.915578477109
170000.000000000000,3191.901215959587,-34.229016990780
172000.000000000000,3179.644897114455,-34.537620615868
174000.000000000000,3167.317526873314,-34.846199009925
176000.000000000000,3155.008165278646,-35.150809391791
178000.000000000000,3142.683735706461,-35.454708243098
180000.000000000000,3130.316244506721,-35.755893391019
182000.000000000000,3117.958423900921,-36.056218930061
184000.000000000000,3105.443491798894,-36.353166006347
186000.000000000000,3092.853331090145,-36.648247194484
188000.000000000000,3079.919354202239,-36.942554341828
190000.000000000000,3066.683071047791,-37.232009500035
192000.000000000000,3053.155340046803,-37.510169182156
194000.000000000000,3039.386112618800,-37.773183373321
196000.000000000000,3026.071398764514,-38.019241867539
198000.000000000000,3013.441423257155,-38.255853400856
200000.000000000000,3001.574446231544,-38.489050874242
202000.000000000000,2990.384733994827,-38.719427193092
204000.000000000000,2979.657130566874,-38.953608642081
206000.000000000000,2969.540747547395,-39.187942879043
208000.000000000000,2959.847762316939,-39.428208214511
210000.000000000000,2950.631851606368,-39.674466838128
212000.000000000000,2941.793348952738,-39.930835643206
214000.000000000000,2932.995885348023,-40.197785426595
216000.000000000000,2924.218291359481,-40.476941640938
218000.000000000000,2915.048936262909,-40.765762946835
220000.000000000000,2905.560809971399,-41.064569056688
222000.000000000000,2895.288323365201,-41.363395554040
224000.000000000000,2884.687168095316,-41.667212110376
226000.000000000000,2873.440534664010,-41.966208990743
228000.000000000000,2861.735456176182,-42.261816231785
230000.000000000000,2849.697025762769,-42.547643113089
232000.000000000000,2837.386855798144,-42.821825357246
234000.000000000000,2825.036131000719,-43.092004732082
236000.000000000000,2812.530400921670,-43.357189524677
238000.000000000000,2800.158276143534,-43.609989095480
240000.000000000000,2787.810887901596,-43.858282877492
242000.000000000000,2775.502636124666,-44.099551035265
244000.000000000000,2763.398126857416,-44.338385530852
246000.000000000000,2751.331399422369,-44.571804640969
248000.000000000000,2739.465863778521,-44.800902120112
250000.000000000000,2727.633785717698,-45.027291077558
252000.000000000000,2715.859237904306,-45.250878681761
254000.000000000000,2704.335397993778,-45.468884088729
256000.000000000000,2692.852738504885,-45.686997724147
258000.000000000000,2681.521752212896,-45.902430679766
260000.000000000000,2670.272593527737,-46.113605922569
262000.000000000000,2659.140675067285,-46.323658340294
264000.000000000000,2648.045835180180,-46.533141154347
266000.000000000000,2637.007972173670,-46.739814896073
268000.000000000000,2626.131787935019,-46.943992805509
270000.000000000000,2615.291310303989,-47.148068300635
272000.000000000000,2604.598334186400,-47.348913843599
274000.000000000000,2593.958587212705,-47.549842792688
276000.000000000000,2583.374218895859,-47.747440767469
278000.000000000000,2572.814225393670,-47.944329342283
280000.000000000000,2562.336341859914,-48.138771867045
282000.000000000000,2552.002054842593,-48.332142402805
284000.000000000000,2541.653142897171,-48.524648946070
286000.000000000000,2531.426992609128,-48.714839273716
288000.000000000000,2521.243139578977,-48.903324464363
290000.000000000000,2511.129749528237,-49.092172180759
292000.000000000000,2501.055337450846,-49.277298914997
294000.000000000000,2491.024173864954,-49.461927831371
296000.000000000000,2481.135392154145,-49.644574647173
298000.000000000000,2471.318898506144,-49.827375349956
300000.000000000000,2461.430850881668,-50.006995248556
302000.000000000000,2451.697677511012,-50.187408121392
304000.000000000000,2441.998364595913,-50.364230918237
306000.000000000000,2432.313709944315,-50.541318913507
308000.000000000000,2422.742187708294,-50.715474808169
310000.000000000000,2413.229384569077,-50.888974187597
312000.000000000000,2403.731245643624,-51.061090003768
314000.000000000000,2394.307243019141,-51.231056273637
316000.000000000000,2384.938810208886,-51.401784917683
318000.000000000000,2375.669290700993,-51.569707932737
320000.000000000000,2366.393458576807,-51.736493470252
322000.000000000000,2357.139129427784,-51.902173583598
324000.000000000000,2347.998576182010,-52.066683446191
326000.000000000000,2338.919585271050,-52.229541784713
328000.000000000000,2329.904281110390,-52.391278384656
330000.000000000000,2320.905081464036,-52.551890278231
332000.000000000000,2311.980752828263,-52.711717084687
334000.000000000000,2303.038976624365,-52.870003772961
336000.000000000000,2294.224612079825,-53.026049556985
338000.000000000000,2285.449576519312,-53.182625537119
340000.000000000000,2276.753205591750,-53.337694486725
342000.000000000000,2268.069767748526,-53.489980935895
344000.000000000000,2259.425053972800,-53.642668518865
346000.000000000000,2250.820370694185,-53.793836160074
348000.000000000000,2242.277254889715,-53.944064513509
350000.000000000000,2233.779753895646,-54.091923139950
352000.000000000000,2225.365976008658,-54.240106777156
354000.000000000000,2217.005881040395,-54.386926513972
356000.000000000000,2208.661354700587,-54.532143351316
358000.000000000000,2200.356117324127,-54.677093929521
360000.000000000000,2192.071703904789,-54.819878860415
362000.000000000000,2183.843275840874,-54.962100643146
364000.000000000000,2175.819862786646,-55.102540758813
366000.000000000000,2167.643152815516,-55.242443368669
368000.000000000000,2159.668081434159,-55.381720252737
370000.000000000000,2151.630030807004,-55.520327623200
372000.000000000000,2143.647381047220,-55.657843696147
374000.000000000000,2135.778156696338,-55.793241441920
376000.000000000000,2127.870819522120,-55.929069823101
378000.000000000000,2120.085265705362,-56.061893426442
380000.000000000000,2112.345571820025,-56.194550024424
382000.000000000000,2104.626522005455,-56.325548616682
384000.000000000000,2096.979471694526,-56.457042824655
386000.000000000000,2089.357315891696,-56.587394901534
388000.000000000000,2081.783441795706,-56.717620626733
390000.000000000000,2074.221994917102,-56.844300119292
392000.000000000000,2066.772245520006,-56.970570110535
394000.000000000000,2059.243017620674,-57.099915481773
396000.000000000000,2051.873383340424,-57.224619323775
398000.000000000000,2044.529552584541,-57.347822602725
400000.000000000000,2037.251555577546,-57.471456537096
402000.000000000000,2029.982575724229,-57.592379151654
404000.000000000000,2022.754658952980,-57.716501613729
406000.000000000000,2015.570786640133,-57.836321247013
408000.000000000000,2008.444334077683,-57.955372259852
410000.000000000000,2001.382334272026,-58.075898639093
412000.000000000000,1994.260571937032,-58.192916281522
414000.000000000000,1987.262992729082,-58.311022597333
416000.000000000000,1980.297587009858,-58.426788708848
418000.000000000000,1973.321819110974,-58.542960273310
420000.000000000000,1966.432487140899,-58.657414095024
422000.000000000000,1959.604530049317,-58.773535601727
424000.000000000000,1952.809172114136,-58.886212264829
426000.000000000000,1946.031606428614,-58.997998654596
428000.000000000000,1939.227645915995,-59.109923904945
430000.000000000000,1932.453909583159,-59.219923478074
432000.000000000000,1925.837048819672,-59.330114502375
434000.000000000000,1919.237168944698,-59.439503545537
436000.000000000000,1912.657829298400,-59.549366251950
438000.000000000000,1906.121138338536,-59.659131456917
440000.000000000000,1899.553638813130,-59.764489376697
442000.000000000000,1893.181531556295,-59.872074657123
444000.000000000000,1886.706895426195,-59.975584692611
446000.000000000000,1880.229277944195,-60.080243900919
448000.000000000000,1873.942766238867,-60.185629061134
450000.000000000000,1867.723329148330,-60.287901058608
452000.000000000000,1861.433315054175,-60.390235312340
454000.000000000000,1855.202694134270,-60.495654673830
456000.000000000000,1849.045345480855,-60.596619582253
458000.000000000000,1842.861843786325,-60.695872943351
460000.000000000000,1836.720319782879,-60.795526539665
462000.000000000000,1830.620319056657,-60.897217336255
464000.000000000000,1824.566027080512,-60.993928535614
466000.000000000000,1818.514584422043,-61.091707978863
468000.000000000000,1812.536891684181,-61.189897291724
470000.000000000000,1806.548295196525,-61.285547035451
472000.000000000000,1800.586933510225,-61.382708264723
474000.000000000000,1794.806906727956,-61.480632751631
476000.000000000000,1788.932614135902,-61.573348040961
478000.000000000000,1783.143969960630,-61.666758528339
480000.000000000000,1777.268061455188,-61.761127073932
482000.000000000000,1771.542652880723,-61.853133936791
484000.000000000000,1765.823958429301,-61.944076704214
486000.000000000000,1760.207791662550,-62.037838653289
488000.000000000000,1754.504604960843,-62.129236892608
490000.000000000000,1748.919589394140,-62.221111043499
492000.000000000000,1743.343138732429,-62.312680365601
494000.000000000000,1737.695081875711,-62.398008238110
496000.000000000000,1732.172571015637,-62.487628365768
498000.000000000000,1726.675736878248,-62.575096778018
500000.000000000000,1721.247728016892,-62.665731357946
502000.000000000000,1715.808582130695,-62.750043457729
504000.000000000000,1710.358604791077,-62.836336579748
506000.000000000000,1705.068580769226,-62.923440475311
508000.000000000000,1699.694260872687,-63.010246172123
510000.000000000000,1694.418559367300,-63.094094513487
512000.000000000000,1689.139882332771,-63.181759256196
514000.000000000000,1683.828040786131,-63.264653881243
516000.000000000000,1678.643433791529,-63.347192500773
518000.000000000000,1673.448238460428,-63.430366219583
520000.000000000000,1668.263447865865,-63.512102133831
522000.000000000000,1663.109161252041,-63.592351219456
524000.000000000000,1658.030433386444,-63.676778180237
526000.000000000000,1652.973694954855,-63.755393193401
528000.000000000000,1647.907746444641,-63.836793966508
530000.000000000000,1642.790512112138,-63.914513862026
532000.000000000000,1637.859144056623,-63.997373526950
534000.000000000000,1632.950702365695,-64.074329685137
536000.000000000000,1627.967557403939,-64.153160848372
538000.000000000000,1623.049565227204,-64.231130372882
540000.000000000000,1618.109205817515,-64.304387356800
542000.000000000000,1613.277541375189,-64.385464064061
544000.000000000000,1608.456284686198,-64.462535496641
546000.000000000000,1603.617978966138,-64.538862865793
548000.000000000000,1598.797060400979,-64.611161550274
550000.000000000000,1594.096603584048,-64.689956729330
552000.000000000000,1589.340756975382,-64.764765577884
554000.000000000000,1584.593816155435,-64.836916639203
556000.000000000000,1579.969213680009,-64.912885019467
558000.000000000000,1575.250330243855,-64.983095645443
560000.000000000000,1570.667679627461,-65.056510566562
562000.000000000000,1565.965655185306,-65.127370811311
564000.000000000000,1561.396400478380,-65.201773389312
566000.000000000000,1556.881998915340,-65.273454799547
568000.000000000000,1552.273581691113,-65.344639261228
570000.000000000000,1547.751811668280,-65.412000974910
572000.000000000000,1543.261869377324,-65.485414495141
574000.000000000000,1538.801231859103,-65.555178284344
576000.000000000000,1534.333901193775,-65.623615598795
578000.000000000000,1529.962248491856,-65.693077386280
580000.000000000000,1525.518990061041,-65.763419006419
582000.000000000000,1521.189741954090,-65.831610052780
584000.000000000000,1516.820165504700,-65.899203029231
586000.000000000000,1512.493311573404,-65.970768421134
588000.000000000000,1508.104986840444,-66.033959374757
590000.000000000000,1503.887341782811,-66.099361373053
592000.000000000000,1499.609858771599,-66.166897480356
594000.000000000000,1495.400668051794,-66.232774581942
596000.000000000000,1491.122477642770,-66.298244061779
598000.000000000000,1486.958062586527,-66.363662773651
600000.000000000000,1482.759618685018,-66.425377886259
602000.000000000000,1478.645700138237,-66.493320261537
604000.000000000000,1474.510217875914,-66.557064862211
606000.000000000000,1470.341684521111,-66.619507286359
608000.000000000000,1466.285681661972,-66.682444332231
610000.000000000000,1462.223749497997,-66.747154556265
612000.000000000000,1458.189861071127,-66.808319535831
614000.000000000000,1454.180626169024,-66.871158691805
616000.000000000000,1450.145612349590,-66.934467185067
618000.000000000000,1446.173970018405,-66.994791152213
620000.000000000000,1442.113689682469,-67.046659099331
622000.000000000000,1438.222261519139,-67.115652966537
624000.000000000000,1434.311650177938,-67.176630842044
626000.000000000000,1430.425005140327,-67.235318127645
628000.000000000000,1426.504575842149,-67.295524238660
630000.000000000000,1422.585752776432,-67.356271493066
632000.000000000000,1418.796358276609,-67.416479322237
634000.000000000000,1414.934987888257,-67.472190859285
636000.000000000000,1411.158494732588,-67.533868922969
638000.000000000000,1407.330201615346,-67.590289957045
640000.000000000000,1403.577776160108,-67.648672394457
642000.000000000000,1399.845029121833,-67.705394375081
644000.000000000000,1395.896551156191,-67.747665033738
646000.000000000000,1392.373381965698,-67.822970879943
648000.000000000000,1388.617780686807,-67.876096000877
650000.000000000000,1384.929175468363,-67.931192915005
652000.000000000000,1381.330248320302,-67.987949156451
654000.000000000000,1377.664385596143,-68.042914886069
656000.000000000000,1374.067338887005,-68.099794791178
658000.000000000000,1370.422725818959,-68.154910116811
660000.000000000000,1366.814127692503,-68.206217270298
662000.000000000000,1363.256073437042,-68.263157403349
664000.000000000000,1359.688564861988,-68.313986724266
666000.000000000000,1356.190973669145,-68.370085149438
668000.000000000000,1352.680980614980,-68.428934512818
670000.000000000000,1348.960560784245,-68.463230978012
672000.000000000000,1345.605332257355,-68.531377722603
674000.000000000000,1342.165437721217,-68.583548199231
676000.000000000000,1338.637347213697,-68.622811915878
678000.000000000000,1335.259356387522,-68.686090589318
680000.000000000000,1331.784323768416,-68.738990618828
682000.000000000000,1328.304675769263,-68.794228271834
684000.000000000000,1325.099648001338,-68.832041419704
686000.000000000000,1321.619704845740,-68.886466745269
688000.000000000000,1318.344349175452,-68.942172276933
690000.000000000000,1314.978086431146,-68.992460017681
692000.000000000000,1311.578342876577,-69.038389339737
694000.000000000000,1308.349323903621,-69.095992908646
696000.000000000000,1304.938872886633,-69.135279671211
698000.000000000000,1301.682585961926,-69.190713696879
700000.000000000000,1298.433522838874,-69.239474704284
702000.000000000000,1295.217005397554,-69.294732667311
704000.000000000000,1291.959948618748,-69.336251211991
706000.000000000000,1288.712038033091,-69.386418521901
708000.000000000000,1285.457313947241,-69.426868637815
710000.000000000000,1282.280127316286,-69.479873732059
712000.000000000000,1279.147713097219,-69.530746930809
714000.000000000000,1275.971350358599,-69.580774265982
716000.000000000000,1272.816346033114,-69.621306719202
718000.000000000000,1269.675062172859,-69.670999621937
720000.000000000000,1266.616517314161,-69.717668235350
722000.000000000000,1263.445458795983,-69.757145080016
724000.000000000000,1260.260829198348,-69.799955434937
726000.000000000000,1257.292134877750,-69.857191365604
728000.000000000000,1254.319543794976,-69.907821195757
730000.000000000000,1251.226379150365,-69.949499204313
732000.000000000000,1248.168997895263,-69.983469377067
734000.000000000000,1245.096959564359,-70.031290756914
736000.000000000000,1242.160617638888,-70.077391443466
738000.000000000000,1239.192009006355,-70.127980369883
740000.000000000000,1236.074994327013,-70.162004731296
742000.000000000000,1233.141346223644,-70.208444130598
744000.000000000000,1230.249872539567,-70.254523226011
746000.000000000000,1227.328828356777,-70.298561915068
748000.000000000000,1224.429243682500,-70.346826449983
750000.000000000000,1221.476123420490,-70.383327219773
752000.000000000000,1218.664471586013,-70.438505287005
754000.000000000000,1215.660626857168,-70.466900106862
756000.000000000000,1212.808410616301,-70.512603161376
758000.000000000000,1209.879177950720,-70.550042754437
760000.000000000000,1207.081488220869,-70.594859169359
762000.000000000000,1204.281970121483,-70.643567908056
764000.000000000000,1201.463774664526,-70.683075647513
766000.000000000000,1198.695259907927,-70.730764031269
768000.000000000000,1195.740446919062,-70.758275393211
770000.000000000000,1192.973096205610,-70.801797711676
772000.000000000000,1190.282885563755,-70.846665802803
774000.000000000000,1187.460740244210,-70.885220115251
776000.000000000000,1184.691163656646,-70.926998845874
778000.000000000000,1182.055893480715,-70.970925485190
780000.000000000000,1179.239888963067,-71.006455665993
782000.000000000000,1176.644362702349,-71.060009112639
784000.000000000000,1173.754442329690,-71.090368291868
786000.000000000000,1171.112826301734,-71.129244480732
788000.000000000000,1168.455649277218,-71.168301454765
790000.000000000000,1165.772424673999,-71.204915409811
792000.000000000000,1163.099028785752,-71.243040549619
794000.000000000000,1160.415520241756,-71.285731802943
796000.000000000000,1157.843018178046,-71.324502098201
798000.000000000000,1155.240633279737,-71.359902234968
800000.000000000000,1152.634681472693,-71.402875666114
802000.000000000000,1150.002593306217,-71.438195065380
804000.000000000000,1147.391634702956,-71.475610631308
806000.000000000000,1145.004691617381,-71.542959742105
808000.000000000000,1142.169512552599,-71.551269775487
810000.000000000000,1139.658503890417,-71.592896732116
812000.000000000000,1137.364254524234,-71.651642653608
814000.000000000000,1134.538010607462,-71.666299764295
816000.000000000000,1131.995150502684,-71.702197287379
818000.000000000000,1129.497804339671,-71.736564968459
820000.000000000000,1127.091227893473,-71.777763482677
822000.000000000000,1124.539774397781,-71.808658459665
824000.000000000000,1122.044710241553,-71.846053183487
826000.000000000000,1119.566103182988,-71.881502262567
828000.000000000000,1117.061124702378,-71.917537743670
830000.000000000000,1114.688744780609,-71.954144787019
832000.000000000000,1112.291620116164,-72.003183954199
834000.000000000000,1109.917738302082,-72.036146033653
836000.000000000000,1107.400017650451,-72.063774349394
838000.000000000000,1104.977091134856,-72.098342887481
840000.000000000000,1102.539195237276,-72.130215396184
842000.000000000000,1100.122380679111,-72.166572072436
844000.000000000000,1097.907625589225,-72.211209772214
846000.000000000000,1095.441166811806,-72.238397613914
848000.000000000000,1093.169157767948,-72.279573429678
850000.000000000000,1090.821490344843,-72.314366335679
852000.000000000000,1088.528403931547,-72.352334537634
854000.000000000000,1086.175018319405,-72.391160462476
856000.000000000000,1083.776211373284,-72.414648081593
858000.000000000000,1081.538294776502,-72.454505987619
860000.000000000000,1079.142362444864,-72.483463234006
862000.000000000000,1076.811713591279,-72.514055286138
864000.000000000000,1074.526160006705,-72.541163936786
866000.000000000000,1072.330830742622,-72.585555268710
868000.000000000000,1070.114876064617,-72.624375635822
870000.000000000000,1067.968989447650,-72.680100905667
872000.000000000000,1065.453938587033,-72.680787289712
874000.000000000000,1063.450059027839,-72.729132980530
876000.000000000000,1061.038123710301,-72.743601751284
878000.000000000000,1059.054097859674,-72.809875459478
880000.000000000000,1056.770203921290,-72.826295481870
882000.000000000000,1054.481465219256,-72.856013206510
884000.000000000000,1052.147697652295,-72.868172309934
886000.000000000000,1050.106656285002,-72.912406889493
888000.000000000000,1047.990662681639,-72.950427069664
890000.000000000000,1045.849106359603,-72.993181980280
892000.000000000000,1043.567191601137,-73.007041625733
894000.000000000000,1041.406196430400,-73.031639647445
896000.000000000000,1039.332551275085,-73.079590387622
898000.000000000000,1037.252269800234,-73.110900229761
900000.000000000000,1035.147627975169,-73.145588637681
902000.000000000000,1032.984948249871,-73.179187107999
904000.000000000000,1030.912703414472,-73.209162659075
906000.000000000000,1028.619024060767,-73.220428103082
908000.000000000000,1026.653094323844,-73.253756757191
910000.000000000000,1024.532002410406,-73.284169417201
912000.000000000000,1022.577659462608,-73.333242345971
914000.000000000000,1020.526185732564,-73.370259359251
916000.000000000000,1018.473358245019,-73.398178214709
918000.000000000000,1016.362240370461,-73.422856711541
920000.000000000000,1014.332487448375,-73.450214733130
922000.000000000000,1012.310641710853,-73.480119748650
924000.000000000000,1010.190140500537,-73.496793541218
926000.000000000000,1008.083997850022,-73.525931244120
928000.000000000000,1005.834495958744,-73.529770792976
930000.000000000000,1003.873052854342,-73.565294861509
932000.000000000000,1002.087705681103,-73.623766900717
934000.000000000000,1000.263444423936,-73.664592437847
936000.000000000000,998.166138361295,-73.672228080341
938000.000000000000,996.230436581127,-73.714040738407
940000.000000000000,994.326063528962,-73.752339032361
942000.000000000000,992.325865715946,-73.774832950286
944000.000000000000,990.405011185891,-73.806746512610
946000.000000000000,988.445269016400,-73.830970740696
948000.000000000000,986.504868458561,-73.856065710349
950000.000000000000,984.552945257559,-73.892265312764
952000.000000000000,982.633403296065,-73.911056386074
954000.000000000000,980.780022002850,-73.949258896542
956000.000000000000,978.859667301332,-73.973857762591
958000.000000000000,976.913608963880,-74.000060038790
960000.000000000000,974.978426793535,-74.023460070771
962000.000000000000,973.088089188370,-74.047433584017
964000.000000000000,971.212623012708,-74.076065911260
966000.000000000000,969.284905141121,-74.099442425541
968000.000000000000,967.428083999402,-74.127885287812
970000.000000000000,965.655021899446,-74.162314821252
972000.000000000000,963.834433325079,-74.191472385235
974000.000000000000,961.959968827684,-74.220779193752
976000.000000000000,960.057786292872,-74.237544224235
978000.000000000000,958.349290237985,-74.268266873166
980000.000000000000,956.450390765698,-74.297361673892
982000.000000000000,954.572693894816,-74.325568719822
984000.000000000000,952.609710130586,-74.326534943062
986000.000000000000,950.979236422670,-74.377969146010
988000.000000000000,949.174303962977,-74.403258518856
990000.000000000000,947.430745966807,-74.427939732864
992000.000000000000,945.518820503052,-74.444900297227
994000.000000000000,943.891767480818,-74.479456575888
996000.000000000000,942.013973972183,-74.497128316485
998000.000000000000,940.265215593566,-74.529111599615
1000000.000000000000,938.511809338571,-74.558629622352
1002000.000000000000,936.710065768381,-74.577622050299
1004000.000000000000,935.010260983163,-74.604436903891
1006000.000000000000,933.209351694834,-74.618270961273
1008000.000000000000,931.554465762574,-74.657639828221
1010000.000000000000,929.774448540760,-74.681722573745
1012000.000000000000,928.072586853523,-74.704502906926
1014000.000000000000,926.380580908348,-74.732905357244
1016000.000000000000,924.588780328141,-74.744851303845
1018000.000000000000,922.855125277081,-74.771362940548
1020000.000000000000,921.206604054983,-74.797284194931
1022000.000000000000,919.495177842122,-74.829934343196
1024000.000000000000,917.343459453529,-74.799169967245
1026000.000000000000,915.984070409560,-74.850713734318
1028000.000000000000,914.225508594171,-74.864999736987
1030000.000000000000,912.754849729253,-74.916710739628
1032000.000000000000,910.933660590177,-74.922940773708
1034000.000000000000,909.407737767613,-74.956446588637
1036000.000000000000,907.868693899529,-74.996041585438
1038000.000000000000,906.039051526096,-75.000234130300
1040000.000000000000,904.491012989768,-75.042647304649
1042000.000000000000,902.780572073023,-75.054733709211
1044000.000000000000,901.273559770888,-75.092064624007
1046000.000000000000,899.395763501592,-75.086859527842
1048000.000000000000,897.998052549624,-75.129128168096
1050000.000000000000,896.412265017555,-75.160791642346
1052000.000000000000,894.711176195515,-75.162795345224
1054000.000000000000,892.733680994241,-75.149381573229
1056000.000000000000,891.426906971587,-75.207451342064
1058000.000000000000,889.773398096077,-75.223936105391
1060000.000000000000,888.250288259015,-75.254809639687
1062000.000000000000,886.514943729902,-75.250715261320
1064000.000000000000,885.048890498433,-75.284898398018
1066000.000000000000,883.110723573089,-75.274134882100
1068000.000000000000,881.685075413483,-75.317736373937
1070000.000000000000,880.162470676917,-75.329816688868
1072000.000000000000,878.879916561049,-75.385580188448
1074000.000000000000,877.180875658527,-75.393851689676
1076000.000000000000,875.409172097590,-75.388345421841
1078000.000000000000,874.277988096883,-75.448828879775
1080000.000000000000,872.480474912872,-75.447610922470
1082000.000000000000,871.030180892706,-75.478866360019
1084000.000000000000,869.646830280827,-75.518702621086
1086000.000000000000,868.010446189638,-75.531569496148
1088000.000000000000,866.628419233606,-75.557839601904
1090000.000000000000,864.904363109406,-75.559941963432
1092000.000000000000,863.420909074728,-75.574498547874
1094000.000000000000,861.765604463553,-75.588349211141
1096000.000000000000,860.383238796583,-75.615187406438
1098000.000000000000,858.823067039936,-75.626872283153
1100000.000000000000,857.655174006366,-75.686774996343
1102000.000000000000,855.882005207122,-75.671725400594
1104000.000000000000,854.467640851514,-75.698495308106
1106000.000000000000,852.900906106775,-75.708466008515
1108000.000000000000,851.485480905180,-75.739194140920
1110000.000000000000,850.169997391173,-75.770541410555
1112000.000000000000,848.672252666271,-75.788949865025
1114000.000000000000,847.223484373789,-75.805818257855
1116000.000000000000,845.734473821848,-75.818940354512
1118000.000000000000,844.500045989272,-75.855055663533
1120000.000000000000,842.975333349405,-75.876425324962
1122000.000000000000,841.581447471735,-75.895333394019
1124000.000000000000,840.102587566198,-75.910180263846
1126000.000000000000,838.769403547150,-75.939741946443
1128000.000000000000,836.980214105873,-75.919495668897
1130000.000000000000,835.499762111819,-75.942077327774
1132000.000000000000,834.210863351104,-75.968770548717
1134000.000000000000,832.832458163612,-75.987054904003
1136000.000000000000,831.603789437506,-76.018464416169
1138000.000000000000,830.186184239277,-76.042519130092
1140000.000000000000,828.704701962585,-76.056006221502
1142000.000000000000,827.167537579921,-76.056952093707
1144000.000000000000,825.855256653850,-76.080200716628
1146000.000000000000,824.428327701333,-76.093720170302
1148000.000000000000,823.494313837696,-76.157630399211
1150000.000000000000,821.700221722631,-76.137265455334
1152000.000000000000,820.260467529328,-76.152840528851
1154000.000000000000,818.950581871876,-76.171437345545
1156000.000000000000,817.733363383995,-76.204262695392
1158000.000000000000,816.254515947012,-76.202405560002
1160000.000000000000,814.862946557108,-76.224300872862
1162000.000000000000,813.594109968223,-76.248892808216
1164000.000000000000,812.287993600947,-76.264813630736
1166000.000000000000,810.746214525301,-76.285297383055
1168000.000000000000,809.552073527707,-76.297837254426
1170000.000000000000,808.768440367325,-76.390051173445
1172000.000000000000,807.389722640145,-76.394390212625
1174000.000000000000,805.889250943963,-76.387032742188
1176000.000000000000,804.458806575174,-76.390090351713
1178000.000000000000,803.019441500537,-76.396186143561
1180000.000000000000,801.634476211815,-76.406703815736
1182000.000000000000,800.378996000852,-76.433134559505
1184000.000000000000,799.120628274711,-76.458440589951
1186000.000000000000,797.817601708446,-76.468075310638
1188000.000000000000,796.557864665498,-76.488200546840
1190000.000000000000,795.191159129126,-76.501254452025
1192000.000000000000,794.189805005396,-76.541665963815
1194000.000000000000,792.575371966165,-76.527264545656
1196000.000000000000,791.322702983581,-76.551946574040
1198000.000000000000,790.026392211699,-76.564079530881
1200000.000000000000,788.841693454568,-76.588205642995
1202000.000000000000,787.841069971082,-76.637298972511
1204000.000000000000,786.302339475380,-76.622424181069
1206000.000000000000,785.006973036630,-76.637858262211
1208000.000000000000,783.823106066727,-76.653628971664
1210000.000000000000,782.725060021257,-76.690778527010
1212000.000000000000,781.698190325659,-76.731785809320
1214000.000000000000,780.118586907260,-76.716611619214
1216000.000000000000,779.002673872646,-76.745735340876
1218000.000000000000,777.524360757434,-76.733327161491
1220000.000000000000,776.692237970651,-76.797066052963
1222000.000000000000,775.142851807859,-76.770760993671
1224000.000000000000,773.898630789990,-76.785937908847
1226000.000000000000,772.716156389137,-76.806839212111
1228000.000000000000,771.673596028875,-76.847967550381
1230000.000000000000,770.721407106437,-76.885304287339
1232000.000000000000,769.091828586382,-76.859987220827
1234000.000000000000,768.007903775288,-76.887160907723
1236000.000000000000,766.877678239203,-76.914681693281
1238000.000000000000,766.024277445992,-76.958695205567
1240000.000000000000,764.192482621200,-76.920636733089
1242000.000000000000,763.381232907162,-76.963759326050
1244000.000000000000,762.269034382924,-76.986257776065
1246000.000000000000,761.158674034362,-77.013020271651
1248000.000000000000,759.646960417986,-76.994784763213
1250000.000000000000,758.412788568339,-77.007692231041
1252000.000000000000,757.475397420476,-77.042167409288
1254000.000000000000,756.385651459230,-77.072679386955
1256000.000000000000,755.175493475818,-77.082682485682
1258000.000000000000,754.208960324554,-77.117074028532
1260000.000000000000,753.104260344723,-77.145641276413
1262000.000000000000,752.171004858060,-77.186688073264
1264000.000000000000,751.051215177828,-77.194680521558
1266000.000000000000,749.313889344420,-77.156052269506
1268000.000000000000,748.119693009430,-77.158132316013
1270000.000000000000,747.326757499682,-77.207430620847
1272000.000000000000,745.998351492619,-77.208631223554
1274000.000000000000,744.938440831019,-77.232596150637
1276000.000000000000,744.166832326598,-77.280609476387
1278000.000000000000,742.708886130306,-77.262992962891
1280000.000000000000,741.639297504026,-77.279472084338
1282000.000000000000,740.508979307655,-77.300557581768
1284000.000000000000,739.579234530033,-77.334256190795
1286000.000000000000,738.478514768697,-77.348054035133
1288000.000000000000,736.977412126494,-77.320789690168
1290000.000000000000,736.283823516816,-77.389698072594
1292000.000000000000,735.068832612714,-77.376780416598
1294000.000000000000,734.199191672672,-77.431081145390
1296000.000000000000,732.871617058058,-77.412843209052
1298000.000000000000,731.813391738878,-77.435772002926
1300000.000000000000,730.467037718193,-77.427632767349
1302000.000000000000,729.369141735172,-77.434347927596
1304000.000000000000,728.168454525972,-77.444726042966
1306000.000000000000,727.687365552836,-77.522494760736
1308000.000000000000,726.649502925029,-77.543004659378
1310000.000000000000,725.473851273912,-77.545253845931
1312000.000000000000,724.357276406213,-77.547988429793
1314000.000000000000,723.233003039295,-77.563956430256
1316000.000000000000,722.395795305749,-77.594630426293
1318000.000000000000,720.874249349673,-77.566963595190
1320000.000000000000,720.234757355254,-77.625584186070
1322000.000000000000,718.750977268799,-77.591880122990
1324000.000000000000,718.098198517814,-77.658710926764
1326000.000000000000,717.030579270426,-77.666858845172
1328000.000000000000,715.767565491673,-77.663094985844
1330000.000000000000,713.982936674151,-77.596151475188
1332000.000000000000,714.012800159294,-77.710210788794
1334000.000000000000,712.900108962460,-77.719833739208
1336000.000000000000,711.885443474469,-77.735498408340
1338000.000000000000,709.857457209796,-77.650457094760
1340000.000000000000,709.765272578686,-77.761284885265
1342000.000000000000,708.703119777535,-77.779475556518
1344000.000000000000,707.493128826449,-77.771211302176
1346000.000000000000,706.729276950129,-77.808400876374
1348000.000000000000,705.189308423970,-77.761005132808
1350000.000000000000,704.612210274587,-77.833647845172
1352000.000000000000,703.627925480100,-77.846475359030
1354000.000000000000,702.205729817532,-77.817704300786
1356000.000000000000,701.437262844470,-77.865469294352
1358000.000000000000,700.610858015582,-77.892195769590
1360000.000000000000,699.510176270006,-77.889318821276
1362000.000000000000,698.619147746910,-77.917523286007
1364000.000000000000,697.661842134866,-77.934206944866
1366000.000000000000,696.632927750976,-77.941990060783
1368000.000000000000,695.649783435158,-77.957835440312
1370000.000000000000,694.586677892585,-77.974596295054
1372000.000000000000,693.666373757308,-77.985485688291
1374000.000000000000,691.871649285434,-77.903226230707
1376000.000000000000,691.721436604530,-78.008958296661
1378000.000000000000,690.487462897232,-77.990239933536
1380000.000000000000,689.705494251113,-78.027887822992
1382000.000000000000,688.745895007838,-78.045951117815
1384000.000000000000,687.645506060777,-78.050576008475
1386000.000000000000,686.941320913455,-78.077964423349
1388000.000000000000,685.566196725805,-78.059409572692
1390000.000000000000,684.095186628012,-78.011980910780
1392000.000000000000,683.979393377022,-78.113808799137
1394000.000000000000,682.556658222101,-78.074268676855
1396000.000000000000,681.953243330898,-78.132158447964
1398000.000000000000,680.817553282357,-78.121106437200
1400000.000000000000,680.131148654690,-78.172470535415
1402000.000000000000,678.950587179740,-78.143978662980
1404000.000000000000,678.215882870952,-78.190823398748
1406000.000000000000,676.407644161817,-78.111521370689
1408000.000000000000,676.114301796738,-78.186886143670
1410000.000000000000,675.291133338123,-78.206759493801
1412000.000000000000,673.917674802609,-78.172266392891
1414000.000000000000,673.401651843683,-78.228115045289
1416000.000000000000,672.663494645441,-78.269295609190
1418000.000000000000,671.405699434119,-78.247711302915
1420000.000000000000,670.800538162999,-78.289359582960
1422000.000000000000,669.642715468797,-78.269395665138
1424000.000000000000,668.443316109986,-78.262026370131
1426000.000000000000,667.832341140210,-78.306802366791
1428000.000000000000,666.760758248032,-78.291537026213
1430000.000000000000,666.224454816099,-78.349443244826
1432000.000000000000,664.603533279776,-78.283952406314
1434000.000000000000,663.712480551823,-78.304726009954
1436000.000000000000,663.125388800507,-78.349041637654
1438000.000000000000,661.851121500579,-78.321375696396
1440000.000000000000,661.457000762700,-78.382008636302
1442000.000000000000,660.410009388704,-78.383607180874
1444000.000000000000,659.949753334480,-78.440440823169
1446000.000000000000,658.421903366184,-78.391440849752
1448000.000000000000,657.153881077942,-78.358519483592
1450000.000000000000,656.846836903799,-78.428603764684
1452000.000000000000,655.504935115874,-78.399779986144
1454000.000000000000,654.492720183971,-78.394955806313
1456000.000000000000,654.453417437624,-78.485630486650
1458000.000000000000,653.321321475015,-78.467889093190
1460000.000000000000,651.906107995521,-78.438001230691
1462000.000000000000,650.820865795516,-78.427956907730
1464000.000000000000,650.443540504149,-78.490390174375
1466000.000000000000,649.370553933291,-78.478232369395
1468000.000000000000,648.343679545065,-78.481497272667
1470000.000000000000,648.232485207220,-78.555967067640
1472000.000000000000,646.698942942287,-78.509199036163
1474000.000000000000,645.561475150120,-78.492977384087
1476000.000000000000,644.817984311079,-78.513216416781
1478000.000000000000,644.463814998999,-78.572353626762
1480000.000000000000,643.266058475287,-78.556140060631
1482000.000000000000,642.137122044853,-78.536228640319
1484000.000000000000,641.852704010642,-78.602322119469
1486000.000000000000,640.826702779684,-78.597598583552
1488000.000000000000,639.702224793868,-78.579783948750
1490000.000000000000,638.760423847622,-78.587258343090
1492000.000000000000,638.565517342829,-78.661677914226
1494000.000000000000,637.095142500493,-78.614426620919
1496000.000000000000,636.496320466144,-78.632647098245
1498000.000000000000,635.537069254664,-78.642068574645
1500000.000000000000,635.581010537478,-78.740646068471
1502000.000000000000,634.172164774933,-78.697370844082
1504000.000000000000,632.993833859454,-78.673224417028
1506000.000000000000,632.182056587837,-78.679348958395
1508000.000000000000,631.208003936535,-78.678547262307
1510000.000000000000,630.386990167719,-78.689637605392
1512000.000000000000,629.657651366385,-78.705443045021
1514000.000000000000,628.952996801109,-78.732763539112
1516000.000000000000,627.941296069046,-78.714871158518
1518000.000000000000,627.105360105485,-78.734183858276
1520000.000000000000,626.297611896248,-78.744980377045
1522000.000000000000,625.590523920912,-78.765122657279
1524000.000000000000,624.856483549170,-78.774210318631
1526000.000000000000,624.161419251930,-78.800539258557
1528000.000000000000,623.225495602245,-78.801044832936
1530000.000000000000,622.319623365278,-78.801259170182
1532000.000000000000,621.387774906272,-78.805202848342
1534000.000000000000,620.639130783726,-78.813880680314
1536000.000000000000,619.880855325539,-78.822862553432
1538000.000000000000,619.244123532218,-78.858844866622
1540000.000000000000,618.412991860102,-78.858863964120
1542000.000000000000,617.516080782308,-78.857596825813
1544000.000000000000,616.968025887346,-78.903084469629
1546000.000000000000,615.903312064995,-78.877423711519
1548000.000000000000,615.414225552812,-78.912923557940
1550000.000000000000,614.311939583901,-78.905841821226
1552000.000000000000,613.540481557344,-78.910919036042
1554000.000000000000,612.813127181656,-78.922092477875
1556000.000000000000,612.073248006360,-78.937635775934
1558000.000000000000,611.240724008074,-78.940365463257
1560000.000000000000,610.546520361838,-78.956228820924
1562000.000000000000,609.999786809701,-78.992051563862
1564000.000000000000,608.946793289240,-78.970151705267
1566000.000000000000,608.149656853992,-78.983958958816
1568000.000000000000,607.263843868134,-78.986058447225
1570000.000000000000,606.527002394333,-79.004247638718
1572000.000000000000,605.894493975471,-79.015843105846
1574000.000000000000,605.131087705231,-79.030483856528
1576000.000000000000,604.407274268059,-79.036890692075
1578000.000000000000,603.673209801056,-79.046626122819
1580000.000000000000,602.847718010683,-79.049063174897
1582000.000000000000,602.065990571012,-79.062252248593
1584000.000000000000,601.746222284704,-79.112521430102
1586000.000000000000,600.662977907208,-79.086652104776
1588000.000000000000,599.786622431648,-79.096209085153
1590000.000000000000,599.133852119356,-79.093094603664
1592000.000000000000,598.305304412650,-79.115224179460
1594000.000000000000,597.601775098297,-79.115780796998
1596000.000000000000,596.850145405151,-79.125279416249
1598000.000000000000,596.929654442391,-79.224585133479
1600000.000000000000,596.031939771542,-79.219668892772
1602000.000000000000,595.475386035147,-79.232625193030
1604000.000000000000,593.945673789972,-79.169738532281
1606000.000000000000,593.043383169371,-79.169584661314
1608000.000000000000,593.373788905284,-79.265604339499
1610000.000000000000,592.288076750670,-79.241193212693
1612000.000000000000,591.342886384979,-79.235319738866
1614000.000000000000,590.601322998170,-79.240684905810
1616000.000000000000,589.444902073428,-79.213521682202
1618000.000000000000,588.778672395627,-79.221293384656
1620000.000000000000,588.137321346677,-79.235001460792
1622000.000000000000,587.554748814516,-79.255121046329
1624000.000000000000,587.425422472503,-79.333440926754
1626000.000000000000,587.273843664798,-79.395659152805
1628000.000000000000,585.653469923692,-79.321728696919
1630000.000000000000,584.703107235951,-79.311928085149
1632000.000000000000,583.924837176535,-79.299927847316
1634000.000000000000,583.183522257105,-79.312986135801
1636000.000000000000,583.521720598431,-79.414793768524
1638000.000000000000,582.831763936140,-79.433247746331
1640000.000000000000,581.997805804826,-79.438015023712
1642000.000000000000,581.380269853197,-79.445442725192
1644000.000000000000,579.807273777745,-79.380713715120
1646000.000000000000,578.866533516315,-79.368750841559
1648000.000000000000,579.284047670737,-79.474453969583
1650000.000000000000,578.684115335998,-79.490020656299
1652000.000000000000,577.836417376734,-79.476448047672
1654000.000000000000,576.824195086635,-79.466317025777
1656000.000000000000,575.902191947089,-79.454551639188
1658000.000000000000,575.091056374955,-79.451374056548
1660000.000000000000,575.248499827443,-79.546215644226
1662000.000000000000,574.581175879435,-79.551136725234
1664000.000000000000,573.426212673764,-79.519803347665
1666000.000000000000,572.280563495158,-79.481288660925
1668000.000000000000,571.917716957590,-79.518192989461
1670000.000000000000,571.686786485080,-79.568505366093
1672000.000000000000,570.768480612730,-79.553778430256
1674000.000000000000,570.178527489392,-79.572213213422
1676000.000000000000,569.267914632901,-79.564363615739
1678000.000000000000,569.146414697235,-79.624027942094
1680000.000000000000,568.482701093333,-79.629473997764
1682000.000000000000,567.770570088376,-79.640118774212
1684000.000000000000,567.006775380127,-79.647584714572
1686000.000000000000,566.466322009942,-79.666803999229
1688000.000000000000,565.589342512336,-79.657360263560
1690000.000000000000,565.096354865983,-79.660047011839
1692000.000000000000,563.677562986072,-79.607808108686
1694000.000000000000,563.506384084740,-79.658717322208
1696000.000000000000,562.974733769911,-79.681848210247
1698000.000000000000,561.672288558027,-79.627956571397
1700000.000000000000,561.528834258882,-79.691930626244
1702000.000000000000,561.059580320716,-79.716034516554
1704000.000000000000,560.279713156739,-79.714797821785
1706000.000000000000,559.297625079480,-79.690586063942
1708000.000000000000,559.038964531046,-79.733145407354
1710000.000000000000,558.475979081820,-79.765572090723
1712000.000000000000,557.645542461931,-79.747909747724
1714000.000000000000,557.160544547097,-79.767336539064
1716000.000000000000,556.534025108971,-79.773457070208
1718000.000000000000,555.883805575744,-79.782201376438
1720000.000000000000,555.268467609950,-79.794548230062
1722000.000000000000,554.625265437053,-79.794960501017
1724000.000000000000,553.751752963560,-79.793854069852
1726000.000000000000,552.986708247343,-79.785523135487
1728000.000000000000,552.726820532513,-79.833679699317
1730000.000000000000,552.012328880239,-79.838295057405
1732000.000000000000,551.182255716761,-79.820307883927
1734000.000000000000,550.768076553763,-79.853566694887
1736000.000000000000,550.179343071355,-79.869769867779
1738000.000000000000,549.244232101912,-79.824672787113
1740000.000000000000,548.960452848548,-79.872700816162
1742000.000000000000,548.017603756367,-79.863218510275
1744000.000000000000,547.073282727951,-79.828454238998
1746000.000000000000,546.969934924513,-79.892280116770
1748000.000000000000,546.295869007011,-79.897116622592
1750000.000000000000,545.451273021852,-79.879403865759
1752000.000000000000,544.035496590496,-79.818440132531
1754000.000000000000,544.300690874049,-79.900045734632
1756000.000000000000,543.208910292609,-79.866127820890
1758000.000000000000,542.609007153690,-79.883540209122
1760000.000000000000,542.557819508824,-79.945730904880
1762000.000000000000,540.509902350024,-79.815080067708
1764000.000000000000,541.313876743859,-79.946243865425
1766000.000000000000,540.886805460528,-79.977641684824
1768000.000000000000,539.613193148508,-79.916169734322
1770000.000000000000,539.543701399783,-79.991600821472
1772000.000000000000,537.768654584029,-79.879320922240
1774000.000000000000,538.184393693274,-79.977000734018
1776000.000000000000,537.806734160474,-80.020588023215
1778000.000000000000,536.848841997499,-79.981727556221
1780000.000000000000,536.607655293733,-80.036376710569
1782000.000000000000,534.954398224120,-79.937464115134
1784000.000000000000,534.083542246018,-79.916493008953
1786000.000000000000,533.950878708113,-79.976640648339
1788000.000000000000,534.119700838220,-80.043516788288
1790000.000000000000,532.066698255200,-79.936290283397
1792000.000000000000,532.885279465324,-80.057894976761
1794000.000000000000,531.228945482183,-79.978549590050
1796000.000000000000,531.378923309534,-80.052602726712
1798000.000000000000,530.895587744922,-80.065595073051
1800000.000000000000,529.330276841509,-79.966916370011
1802000.000000000000,529.823325276201,-80.096684399667
1804000.000000000000,528.628489821994,-80.035376825893
1806000.000000000000,528.040155831918,-80.046429550317
1808000.000000000000,526.908964024706,-80.010453299590
1810000.000000000000,527.068573059182,-80.082372753301
1812000.000000000000,525.627612815212,-80.012258141875
1814000.000000000000,526.095066024874,-80.107031497859
1816000.000000000000,525.924247497430,-80.149331216625
1818000.000000000000,524.870152320558,-80.120125307609
1820000.000000000000,523.695180985415,-80.072296609978
1822000.000000000000,523.546801276950,-80.115463393575
1824000.000000000000,522.144763599810,-80.056068031158
1826000.000000000000,522.558375405879,-80.151446978658
1828000.000000000000,521.381707830905,-80.093192937975
1830000.000000000000,521.645977782399,-80.189930613759
1832000.000000000000,519.627861207975,-80.063549905971
1834000.000000000000,520.259811925169,-80.175389084548
1836000.000000000000,518.872087401497,-80.110837307571
1838000.000000000000,519.265931031146,-80.206995266203
1840000.000000000000,517.531467612275,-80.110218660421
1842000.000000000000,517.862528357370,-80.196023166545
1844000.000000000000,517.487724591661,-80.212224208566
1846000.000000000000,517.451113414168,-80.261162560387
1848000.000000000000,516.165482199139,-80.206508476129
1850000.000000000000,514.590507010790,-80.130713955928
1852000.000000000000,514.837574358461,-80.206692283301
1854000.000000000000,513.485234416669,-80.141405854598
1856000.000000000000,514.010229974609,-80.249534390910
1858000.000000000000,512.797230116643,-80.186290030051
1860000.000000000000,511.733682562312,-80.156943283732
1862000.000000000000,511.989248029764,-80.231894820343
1864000.000000000000,510.727099209040,-80.173309243005
1866000.000000000000,510.490672492512,-80.217567485537
1868000.000000000000,509.693553850746,-80.212629694753
1870000.000000000000,509.174772297482,-80.211537334113
1872000.000000000000,508.342587547118,-80.198482243566
1874000.000000000000,508.035953578464,-80.223184903044
1876000.000000000000,507.399655055427,-80.226070263546
1878000.000000000000,507.119205961356,-80.241489487504
1880000.000000000000,506.940484332389,-80.279052960356
1882000.000000000000,505.606052794404,-80.229531509499
1884000.000000000000,505.730270909656,-80.293099655522
1886000.000000000000,504.869971194631,-80.279024500606
1888000.000000000000,504.015112251752,-80.246411708967
1890000.000000000000,503.532600990110,-80.260049210590
1892000.000000000000,503.049603282819,-80.255582195937
1894000.000000000000,502.517451243509,-80.278332262967
1896000.000000000000,501.853668464496,-80.279989013887
1898000.000000000000,501.189567079836,-80.284452093818
1900000.000000000000,501.354647691495,-80.340216156843
1902000.000000000000,501.139677405000,-80.369801273277
1904000.000000000000,501.565057830617,-80.446704608288
1906000.000000000000,499.452912370004,-80.328193539854
1908000.000000000000,498.751477397259,-80.315147697605
1910000.000000000000,498.943366599516,-80.388068839637
1912000.000000000000,499.412980591484,-80.478988819647
1914000.000000000000,497.369713721086,-80.355258582341
1916000.000000000000,496.717102943630,-80.356798538621
1918000.000000000000,497.607849716637,-80.482225354036
1920000.000000000000,496.167045278760,-80.405868862887
1922000.000000000000,495.120891327648,-80.364297187523
1924000.000000000000,494.761592368116,-80.383158484119
1926000.000000000000,493.948202973231,-80.377129874561
1928000.000000000000,493.636413698569,-80.389403590551
1930000.000000000000,492.792755259632,-80.376512149876
1932000.000000000000,492.293055815910,-80.388720579917
1934000.000000000000,492.844490667677,-80.475664844537
1936000.000000000000,492.562088853939,-80.498959327271
1938000.000000000000,491.169918208168,-80.435185838526
1940000.000000000000,491.200467452542,-80.485214060084
1942000.000000000000,490.775459474715,-80.499734339426
1944000.000000000000,489.692472534086,-80.464499119930
1946000.000000000000,489.095741641969,-80.446168900338
1948000.000000000000,488.831418336469,-80.487802061087
1950000.000000000000,487.780077513991,-80.438992635306
1952000.000000000000,487.885477055216,-80.490673148012
1954000.000000000000,488.406437238285,-80.587296108923
1956000.000000000000,487.241422064588,-80.551648368785
1958000.000000000000,486.953352494608,-80.567224741435
1960000.000000000000,486.853064039624,-80.603097441924
1962000.000000000000,484.643687404617,-80.471048703403
1964000.000000000000,485.105044131734,-80.561518312498
1966000.000000000000,484.549147437443,-80.549974959442
1968000.000000000000,484.198087171672,-80.578726856223
1970000.000000000000,482.678626849201,-80.488780015447
1972000.000000000000,482.892723756305,-80.561138475083
1974000.000000000000,481.697837327875,-80.503592927964
1976000.000000000000,482.806436479494,-80.644052083740
1978000.000000000000,481.270411562840,-80.568629534352
1980000.000000000000,480.821298083858,-80.581580492716
1982000.000000000000,481.250421875231,-80.672534565487
1984000.000000000000,479.439667437020,-80.558085387047
1986000.000000000000,479.291086618328,-80.589752730833
1988000.000000000000,479.044831978961,-80.626034496019
1990000.000000000000,479.588078086374,-80.699933784582
1992000.000000000000,479.205641302873,-80.710865818845
1994000.000000000000,477.321695406738,-80.620570072238
1996000.000000000000,477.506242436445,-80.662764883338
1998000.000000000000,477.614999081877,-80.725040786957
