Barrido en frecuencia -> f_inicial:2000, f_final:2000000, f_step:2000
Parametros -> N: 512, Fuente: 1, F_dac:1997922.081500 
Formato -> f,r,phi

2000.000000000000,3698.668018339464,0.140816810380
4000.000000000000,3704.088170820423,0.332870701368
6000.000000000000,3713.928515341102,0.476291799430
8000.000000000000,3726.276344614210,0.569393601875
10000.000000000000,3740.516423853380,0.605815637513
12000.000000000000,3755.315967747736,0.590269206409
14000.000000000000,3769.719231548245,0.530754603483
16000.000000000000,3783.228880736549,0.437958161565
18000.000000000000,3795.852269846792,0.315587364009
20000.000000000000,3807.307149518970,0.167746957945
22000.000000000000,3817.719057553094,0.007021479589
24000.000000000000,3826.975237222244,-0.164876716423
26000.000000000000,3835.476340417409,-0.354535161379
28000.000000000000,3842.633424131835,-0.546222357706
30000.000000000000,3849.007366689821,-0.742407611773
32000.000000000000,3854.377481179878,-0.943141962530
34000.000000000000,3859.227908212985,-1.141576216148
36000.000000000000,3863.244040923345,-1.336617134126
38000.000000000000,3867.032600333840,-1.530757377455
40000.000000000000,3869.946509237937,-1.725731676112
42000.000000000000,3872.684665023174,-1.916934690568
44000.000000000000,3875.061483118771,-2.107089808348
46000.000000000000,3876.967050980242,-2.296689247099
48000.000000000000,3878.767856999888,-2.484417227926
50000.000000000000,3880.318826959663,-2.671179735480
52000.000000000000,3881.342820941377,-2.854066427934
54000.000000000000,3882.409933509334,-3.038216989549
56000.000000000000,3883.185241879600,-3.218957646429
58000.000000000000,3883.832205622637,-3.397695568743
60000.000000000000,3884.402269447262,-3.575080406583
62000.000000000000,3884.775109517657,-3.753315188737
64000.000000000000,3885.041962692828,-3.929282754371
66000.000000000000,3885.017759572400,-4.104247322139
68000.000000000000,3885.178984866893,-4.278375988657
70000.000000000000,3885.044159749423,-4.450352063862
72000.000000000000,3884.951075828064,-4.622435301264
74000.000000000000,3884.669959384347,-4.792132449473
76000.000000000000,3884.393249602112,-4.963351026044
78000.000000000000,3883.987489156514,-5.131631935182
80000.000000000000,3883.394493244367,-5.299068935991
82000.000000000000,3882.948673066158,-5.465686979636
84000.000000000000,3882.414815925711,-5.632640855810
86000.000000000000,3881.602190933374,-5.797517729195
88000.000000000000,3880.894234873108,-5.961998626771
90000.000000000000,3880.087188515157,-6.126120640370
92000.000000000000,3879.252780851163,-6.290644792723
94000.000000000000,3878.362949675326,-6.453050161637
96000.000000000000,3877.410757244004,-6.615462392244
98000.000000000000,3876.457106075316,-6.776434649624
100000.000000000000,3875.391818916977,-6.937888619166
102000.000000000000,3874.281991774827,-7.099097550034
104000.000000000000,3873.112441563936,-7.258833452649
106000.000000000000,3871.899714218250,-7.417908850735
108000.000000000000,3870.767199288007,-7.576476722177
110000.000000000000,3869.564290559049,-7.735479185766
112000.000000000000,3868.233199866921,-7.891392019225
114000.000000000000,3866.905196751467,-8.050575110741
116000.000000000000,3865.595758333298,-8.207445696448
118000.000000000000,3864.173724991394,-8.364577997407
120000.000000000000,3862.659279171980,-8.521144963324
122000.000000000000,3861.297527289712,-8.676332284582
124000.000000000000,3859.736187992177,-8.832459783048
126000.000000000000,3858.202334522179,-8.987444616033
128000.000000000000,3856.577120209712,-9.141402736601
130000.000000000000,3855.046714791811,-9.296300559547
132000.000000000000,3853.384989072764,-9.451230768933
134000.000000000000,3851.677421391124,-9.604193017154
136000.000000000000,3849.969442488387,-9.756851933639
138000.000000000000,3848.277624770220,-9.910067526477
140000.000000000000,3846.595487380463,-10.063057071768
142000.000000000000,3844.825002520025,-10.214733241520
144000.000000000000,3843.056160094473,-10.367185184322
146000.000000000000,3841.195457559337,-10.518398380359
148000.000000000000,3839.240403103202,-10.669370364498
150000.000000000000,3837.412468450351,-10.821048397202
152000.000000000000,3835.541607241809,-10.971178673967
154000.000000000000,3833.610334947486,-11.122380347923
156000.000000000000,3831.646209229741,-11.271737868841
158000.000000000000,3829.615119722873,-11.421077488775
160000.000000000000,3827.596343456874,-11.570647189392
162000.000000000000,3825.588581967697,-11.720254101135
164000.000000000000,3823.486898696028,-11.869744689088
166000.000000000000,3821.453172909644,-12.017600393551
168000.000000000000,3819.315886089731,-12.166786119406
170000.000000000000,3817.096909903159,-12.315315955712
172000.000000000000,3814.922209130681,-12.464110804097
174000.000000000000,3812.709036646961,-12.612024659562
176000.000000000000,3810.406144680363,-12.760458550396
178000.000000000000,3808.050075844632,-12.910180853812
180000.000000000000,3805.587422163317,-13.058991475576
182000.000000000000,3803.018091445421,-13.208347350236
184000.000000000000,3800.165021606188,-13.358432567852
186000.000000000000,3797.011056393995,-13.506840801906
188000.000000000000,3793.278502735055,-13.653941150933
190000.000000000000,3789.214790747156,-13.792543708903
192000.000000000000,3785.052875950492,-13.918693123038
194000.000000000000,3781.369869315472,-14.035054224045
196000.000000000000,3778.293872883070,-14.145043147439
198000.000000000000,3775.906725918151,-14.252110118715
200000.000000000000,3774.054968380916,-14.360361932995
202000.000000000000,3772.653213657457,-14.474459175004
204000.000000000000,3771.776656807984,-14.586449094791
206000.000000000000,3771.260331711682,-14.704767133992
208000.000000000000,3770.938918583755,-14.828597270334
210000.000000000000,3771.104259728794,-14.956648947276
212000.000000000000,3771.280559270029,-15.092161455017
214000.000000000000,3771.924033435345,-15.235580030912
216000.000000000000,3772.531328086079,-15.388550439077
218000.000000000000,3772.809717384961,-15.548143049558
220000.000000000000,3772.896056135487,-15.720000332782
222000.000000000000,3772.579337174389,-15.899553631853
224000.000000000000,3771.637553944637,-16.085592452394
226000.000000000000,3770.035511035091,-16.272502350415
228000.000000000000,3767.509681852207,-16.455519919639
230000.000000000000,3764.592483851425,-16.639561196794
232000.000000000000,3761.327221288891,-16.817266376457
234000.000000000000,3757.538713425321,-16.985980143463
236000.000000000000,3753.610682572944,-17.152313955244
238000.000000000000,3749.596724657138,-17.310897908507
240000.000000000000,3745.588995407290,-17.466102145149
242000.000000000000,3741.564990789014,-17.619645268761
244000.000000000000,3737.639005604459,-17.765504823425
246000.000000000000,3733.472409085791,-17.909836580084
248000.000000000000,3729.469349345003,-18.051534680003
250000.000000000000,3725.663448755367,-18.192730458162
252000.000000000000,3721.896598873728,-18.331773517112
254000.000000000000,3718.261596042622,-18.467911351471
256000.000000000000,3714.427905953514,-18.606288815967
258000.000000000000,3710.843021011913,-18.740611897908
260000.000000000000,3707.266790003373,-18.875015243570
262000.000000000000,3703.679757331591,-19.007999424762
264000.000000000000,3700.209554568582,-19.142228758129
266000.000000000000,3696.614501802514,-19.277075298320
268000.000000000000,3693.175619557182,-19.409009436316
270000.000000000000,3689.798277384512,-19.541981074279
272000.000000000000,3686.368867588374,-19.674590572559
274000.000000000000,3682.932978453904,-19.806345934443
276000.000000000000,3679.573065134598,-19.941045692767
278000.000000000000,3676.198744907494,-20.070843309437
280000.000000000000,3672.870315829396,-20.200494199058
282000.000000000000,3669.445769910101,-20.332716134034
284000.000000000000,3666.136347081265,-20.463335730633
286000.000000000000,3662.815617865576,-20.595921236898
288000.000000000000,3659.550395479746,-20.724931649062
290000.000000000000,3656.031192372908,-20.856229739598
292000.000000000000,3652.697799172230,-20.986962589432
294000.000000000000,3649.414772664762,-21.117588344245
296000.000000000000,3645.982081087139,-21.246917538191
298000.000000000000,3642.604497402380,-21.375850317919
300000.000000000000,3639.303078584815,-21.505781494095
302000.000000000000,3635.910042849427,-21.636252787082
304000.000000000000,3632.484739433701,-21.764319604651
306000.000000000000,3629.046383283767,-21.893591925960
308000.000000000000,3625.685294271620,-22.023102918498
310000.000000000000,3622.370979760549,-22.152563363202
312000.000000000000,3618.876417428268,-22.281105385202
314000.000000000000,3615.579466553376,-22.408340144886
316000.000000000000,3612.006059350103,-22.537296668590
318000.000000000000,3608.600123931260,-22.664236756627
320000.000000000000,3605.129220549678,-22.792204461491
322000.000000000000,3601.711910740518,-22.919940992782
324000.000000000000,3598.268348965505,-23.046438382352
326000.000000000000,3594.813000394142,-23.174249605935
328000.000000000000,3591.343468382699,-23.300174185393
330000.000000000000,3587.852229049735,-23.425247323273
332000.000000000000,3584.501098457575,-23.552209969140
334000.000000000000,3580.806678173518,-23.678481431601
336000.000000000000,3577.354737536104,-23.803954233020
338000.000000000000,3573.766155967799,-23.930706463171
340000.000000000000,3570.780089175230,-24.053403208902
342000.000000000000,3566.696432101813,-24.180482348165
344000.000000000000,3563.159787580134,-24.304804559018
346000.000000000000,3559.602715744684,-24.430674391484
348000.000000000000,3555.960525888386,-24.555146186752
350000.000000000000,3552.521901780649,-24.677984772403
352000.000000000000,3548.992936901630,-24.802689951825
354000.000000000000,3545.386431677399,-24.926186641924
356000.000000000000,3541.751773596659,-25.051588403508
358000.000000000000,3538.280740479219,-25.171369408803
360000.000000000000,3534.637241951258,-25.295304945423
362000.000000000000,3530.884468039256,-25.417976016967
364000.000000000000,3527.453935735592,-25.540066675126
366000.000000000000,3523.773593241042,-25.661307316780
368000.000000000000,3520.178341295466,-25.784589767030
370000.000000000000,3516.569605547642,-25.905458164183
372000.000000000000,3512.843318492342,-26.027449923567
374000.000000000000,3509.148124185594,-26.148456056402
376000.000000000000,3505.559278283893,-26.268908510061
378000.000000000000,3501.847106443461,-26.388729423423
380000.000000000000,3498.187060418662,-26.510448923517
382000.000000000000,3494.467201987308,-26.631006206357
384000.000000000000,3490.823847753883,-26.749943231126
386000.000000000000,3487.071702076747,-26.870397588358
388000.000000000000,3483.426002888705,-26.989672082321
390000.000000000000,3479.611602474310,-27.108976687994
392000.000000000000,3475.986510592457,-27.223641016020
394000.000000000000,3472.215012537716,-27.345949683036
396000.000000000000,3468.601508367730,-27.462458581469
398000.000000000000,3464.671835256960,-27.580656787652
400000.000000000000,3461.156293978889,-27.698484898793
402000.000000000000,3457.325808793975,-27.812248742437
404000.000000000000,3453.660589051030,-27.933014278358
406000.000000000000,3449.897176540457,-28.049928901395
408000.000000000000,3446.061157444801,-28.165341273057
410000.000000000000,3442.335345665208,-28.283085552237
412000.000000000000,3438.543229902979,-28.398234870196
414000.000000000000,3434.808349788752,-28.515490523942
416000.000000000000,3431.047181440844,-28.630581115550
418000.000000000000,3427.245680540327,-28.745591337785
420000.000000000000,3423.484411701966,-28.860579148167
422000.000000000000,3419.709867323557,-28.976721850075
424000.000000000000,3415.878182701387,-29.090589794467
426000.000000000000,3412.181194804972,-29.204296481170
428000.000000000000,3408.203422968513,-29.319075592789
430000.000000000000,3404.521779222628,-29.432373903888
432000.000000000000,3400.749812285835,-29.545396003046
434000.000000000000,3396.866851491074,-29.657628508641
436000.000000000000,3393.137409495273,-29.770569797427
438000.000000000000,3389.268363208210,-29.884232439854
440000.000000000000,3385.523468459139,-29.998172925361
442000.000000000000,3381.645825043561,-30.107287008028
444000.000000000000,3377.636654106270,-30.222034361028
446000.000000000000,3374.134311311487,-30.335778082791
448000.000000000000,3370.140689603639,-30.442094111267
450000.000000000000,3366.155511075824,-30.556578061532
452000.000000000000,3362.661827389262,-30.668345726177
454000.000000000000,3358.510448205758,-30.759984012795
456000.000000000000,3354.676446419093,-30.887498123336
458000.000000000000,3350.956296113728,-30.994605306453
460000.000000000000,3347.098467338533,-31.102479812811
462000.000000000000,3342.854501937399,-31.223793151864
464000.000000000000,3338.929113592577,-31.313499871789
466000.000000000000,3335.274205690108,-31.433150702857
468000.000000000000,3331.460774296873,-31.542823144130
470000.000000000000,3327.574156486940,-31.651285992950
472000.000000000000,3323.839182075092,-31.758367986480
474000.000000000000,3319.972579300972,-31.867293386497
476000.000000000000,3316.239648195479,-31.972341880105
478000.000000000000,3312.224658247258,-32.080130894641
480000.000000000000,3308.342527833440,-32.190820340430
482000.000000000000,3304.495208492962,-32.295435689476
484000.000000000000,3300.544000336149,-32.402038985656
486000.000000000000,3296.449715962195,-32.509051134476
488000.000000000000,3292.718545608223,-32.620057951457
490000.000000000000,3288.989519634752,-32.722079327889
492000.000000000000,3285.024444299037,-32.826283253059
494000.000000000000,3281.374821566888,-32.935801106567
496000.000000000000,3277.231867510927,-33.039639324973
498000.000000000000,3273.211580636031,-33.141294680312
500000.000000000000,3269.406171759185,-33.247164572676
502000.000000000000,3265.565332293383,-33.351097619048
504000.000000000000,3261.736438489769,-33.454779397142
506000.000000000000,3257.763640997256,-33.558955094969
508000.000000000000,3253.935859314789,-33.661959931391
510000.000000000000,3250.012578852261,-33.765594193333
512000.000000000000,3246.060813951643,-33.870724487572
514000.000000000000,3242.379812663389,-33.962193800468
516000.000000000000,3238.444991000465,-34.069638401361
518000.000000000000,3234.520202857845,-34.174513674263
520000.000000000000,3230.563978117067,-34.279635476104
522000.000000000000,3226.605386819482,-34.381209265576
524000.000000000000,3222.668402092235,-34.485875981428
526000.000000000000,3218.954209592830,-34.581703100017
528000.000000000000,3214.925409608264,-34.683617691142
530000.000000000000,3211.058539933842,-34.786081694710
532000.000000000000,3207.123246636706,-34.887720039152
534000.000000000000,3203.268188984671,-34.988898540997
536000.000000000000,3199.367193770637,-35.084402070054
538000.000000000000,3195.405585496598,-35.184685487097
540000.000000000000,3191.611055677216,-35.285077791291
542000.000000000000,3187.725926481712,-35.384822228216
544000.000000000000,3183.875474151060,-35.481341372589
546000.000000000000,3179.722586018558,-35.579272473304
548000.000000000000,3176.035110728757,-35.679174993195
550000.000000000000,3172.154549852454,-35.777091497545
552000.000000000000,3168.228701590730,-35.876786107390
554000.000000000000,3164.454227207929,-35.976746803589
556000.000000000000,3160.451284571011,-36.075033744039
558000.000000000000,3156.574261320382,-36.168821200012
560000.000000000000,3152.758988802977,-36.264287375807
562000.000000000000,3148.765993599171,-36.361492056778
564000.000000000000,3144.867731727796,-36.459611511697
566000.000000000000,3141.008607739528,-36.554602334557
568000.000000000000,3137.146879670711,-36.652096937240
570000.000000000000,3133.424105266609,-36.744245187216
572000.000000000000,3129.508171933597,-36.841496332373
574000.000000000000,3125.592472395448,-36.938577147409
576000.000000000000,3121.775608701057,-37.032514355987
578000.000000000000,3117.819211547313,-37.127886624433
580000.000000000000,3114.033157559692,-37.222354617870
582000.000000000000,3110.036982638505,-37.310686925421
584000.000000000000,3105.997387365813,-37.407724647289
586000.000000000000,3102.099514282913,-37.510652926463
588000.000000000000,3098.409449988677,-37.592863307035
590000.000000000000,3094.519981380792,-37.684033447781
592000.000000000000,3090.617178650064,-37.784500171951
594000.000000000000,3086.951286231421,-37.879764812602
596000.000000000000,3083.164145698684,-37.970521421010
598000.000000000000,3079.390492550739,-38.063148418355
600000.000000000000,3075.450034022837,-38.155607175540
602000.000000000000,3071.554856650277,-38.247819985672
604000.000000000000,3067.719235395421,-38.337403085815
606000.000000000000,3064.028641342024,-38.429675481500
608000.000000000000,3060.089159759874,-38.519009323363
610000.000000000000,3056.252938275159,-38.614374971505
612000.000000000000,3052.381937763287,-38.699197369915
614000.000000000000,3048.465728723522,-38.792128453669
616000.000000000000,3044.793559963779,-38.883696325733
618000.000000000000,3041.050294656547,-38.972037251710
620000.000000000000,3037.038103408818,-39.057400034070
622000.000000000000,3033.243708291393,-39.152438845653
624000.000000000000,3029.557231414906,-39.240123856861
626000.000000000000,3025.740487216867,-39.331359152409
628000.000000000000,3021.756958866218,-39.418035808455
630000.000000000000,3018.201832638772,-39.508788990406
632000.000000000000,3014.291711260286,-39.596078421673
634000.000000000000,3010.599380435680,-39.683350661166
636000.000000000000,3006.834623418077,-39.772485813940
638000.000000000000,3003.119802184136,-39.863384102081
640000.000000000000,2999.124056835235,-39.945443410213
642000.000000000000,2995.382441649102,-40.032252211208
644000.000000000000,2991.784120639785,-40.119713323644
646000.000000000000,2987.393363243131,-40.211604594781
648000.000000000000,2984.270205703544,-40.293633383124
650000.000000000000,2979.844871476374,-40.382541130094
652000.000000000000,2976.598153198338,-40.463548866847
654000.000000000000,2972.720228737215,-40.553613323339
656000.000000000000,2968.981764245096,-40.637561473793
658000.000000000000,2965.142811959146,-40.728142106613
660000.000000000000,2961.508456228656,-40.807327531776
662000.000000000000,2957.907749704161,-40.893478838164
664000.000000000000,2954.032119823459,-40.982450704233
666000.000000000000,2950.182577354337,-41.064573310257
668000.000000000000,2946.619605191699,-41.147884193183
670000.000000000000,2942.903551942504,-41.232776329376
672000.000000000000,2938.883072232480,-41.313979334991
674000.000000000000,2935.476453585800,-41.401609545127
676000.000000000000,2930.942525703497,-41.488354444643
678000.000000000000,2926.447003065469,-41.568118453369
680000.000000000000,2923.964842892813,-41.650619703053
682000.000000000000,2920.642550876817,-41.731335785345
684000.000000000000,2916.376136128758,-41.819483881110
686000.000000000000,2913.392170095048,-41.895456548575
688000.000000000000,2909.409136078990,-41.979226050980
690000.000000000000,2905.903093709826,-42.056289641024
692000.000000000000,2902.021294345140,-42.140738300957
694000.000000000000,2898.355614581878,-42.223547852641
696000.000000000000,2894.612676589500,-42.305233400237
698000.000000000000,2891.022695357902,-42.385512010979
700000.000000000000,2887.291094456700,-42.466805664084
702000.000000000000,2883.627004012812,-42.546497328566
704000.000000000000,2879.931900708755,-42.631432116888
706000.000000000000,2876.329618177984,-42.713462424709
708000.000000000000,2872.723285956081,-42.784893192091
710000.000000000000,2868.632442977599,-42.847223136157
712000.000000000000,2865.122198114242,-42.955799253958
714000.000000000000,2861.404236730801,-43.028714929117
716000.000000000000,2858.066704597074,-43.105052160653
718000.000000000000,2854.292452141167,-43.186720293891
720000.000000000000,2850.776311319774,-43.264001714034
722000.000000000000,2847.161406350710,-43.341573993465
724000.000000000000,2843.495320319735,-43.418657547785
726000.000000000000,2839.796039900456,-43.500371805078
728000.000000000000,2836.232147284721,-43.577073624910
730000.000000000000,2832.602987773168,-43.654223789508
732000.000000000000,2829.135087524085,-43.732662214583
734000.000000000000,2825.681693278000,-43.808553746304
736000.000000000000,2821.909930383738,-43.887334122220
738000.000000000000,2818.517092747565,-43.961521107180
740000.000000000000,2814.870189772026,-44.039901083358
742000.000000000000,2811.247870125596,-44.115004266109
744000.000000000000,2807.783716964388,-44.191365571002
746000.000000000000,2803.963695507207,-44.265212017037
748000.000000000000,2800.500608772972,-44.345816163538
750000.000000000000,2796.861822452757,-44.416598593420
752000.000000000000,2793.554730314896,-44.496049204703
754000.000000000000,2789.982711972143,-44.568617161642
756000.000000000000,2786.381110491230,-44.645955156758
758000.000000000000,2782.838718135783,-44.720977843876
760000.000000000000,2779.409393533437,-44.793724409232
762000.000000000000,2775.826852980893,-44.869522878351
764000.000000000000,2772.406832998108,-44.945200644693
766000.000000000000,2768.818370105965,-45.017127317890
768000.000000000000,2765.389471337761,-45.089655835623
770000.000000000000,2761.950569282336,-45.164240793052
772000.000000000000,2758.686464249944,-45.239368384085
774000.000000000000,2754.858223824576,-45.313080247411
776000.000000000000,2751.335061809019,-45.384912817709
778000.000000000000,2747.950314160853,-45.457861269017
780000.000000000000,2744.451405432618,-45.530165404986
782000.000000000000,2741.032500144018,-45.604311536541
784000.000000000000,2737.320405846881,-45.679371137713
786000.000000000000,2734.039038048481,-45.748718265869
788000.000000000000,2730.529895922585,-45.819814920016
790000.000000000000,2727.047179843926,-45.893506663250
792000.000000000000,2723.727662282050,-45.963250284504
794000.000000000000,2720.208876292448,-46.034694919706
796000.000000000000,2716.825772253296,-46.104623005055
798000.000000000000,2713.364947492566,-46.175499001787
800000.000000000000,2709.984763990280,-46.248583437555
802000.000000000000,2706.513736201456,-46.315372692976
804000.000000000000,2703.222231725075,-46.386985997521
806000.000000000000,2699.723414848476,-46.457711451243
808000.000000000000,2696.263960308998,-46.526595665181
810000.000000000000,2692.939208443782,-46.597547857755
812000.000000000000,2689.483424522860,-46.667693335031
814000.000000000000,2686.214393880788,-46.733789237549
816000.000000000000,2682.751197342284,-46.807476135179
818000.000000000000,2679.433071591373,-46.876483565219
820000.000000000000,2675.931717798963,-46.945584422995
822000.000000000000,2672.614451659298,-47.015603400677
824000.000000000000,2669.332095821384,-47.084301252507
826000.000000000000,2665.962892488213,-47.152726917011
828000.000000000000,2662.503783713782,-47.222455552405
830000.000000000000,2659.496283649088,-47.284862563461
832000.000000000000,2655.900257152085,-47.354636943912
834000.000000000000,2652.547384573807,-47.420724067232
836000.000000000000,2649.211628105466,-47.490083175473
838000.000000000000,2645.720450793197,-47.557323282660
840000.000000000000,2642.609274225927,-47.623892748295
842000.000000000000,2639.255552894459,-47.691030074782
844000.000000000000,2635.948841537527,-47.758826901559
846000.000000000000,2632.696763035501,-47.827246759755
848000.000000000000,2629.338969075736,-47.890618441795
850000.000000000000,2625.991498570257,-47.958225600384
852000.000000000000,2622.762149825031,-48.025155326184
854000.000000000000,2619.462266949790,-48.091571184118
856000.000000000000,2616.097037547521,-48.156593973296
858000.000000000000,2612.942503427451,-48.222243587762
860000.000000000000,2609.675662844501,-48.285635794036
862000.000000000000,2606.366839748247,-48.354458095150
864000.000000000000,2603.118211374094,-48.417325017045
866000.000000000000,2599.882973089059,-48.484492033638
868000.000000000000,2596.719604158513,-48.546374357675
870000.000000000000,2593.479769245184,-48.613278499162
872000.000000000000,2590.198566516091,-48.674273414731
874000.000000000000,2586.929121472043,-48.740138994758
876000.000000000000,2583.757911228308,-48.805030445018
878000.000000000000,2580.490224692425,-48.868603830891
880000.000000000000,2577.364838599982,-48.933003887361
882000.000000000000,2574.084919320331,-48.997558751155
884000.000000000000,2570.735600540462,-49.056802984931
886000.000000000000,2567.649204099845,-49.121736814881
888000.000000000000,2564.523627512097,-49.185523682756
890000.000000000000,2561.338303408024,-49.248835165808
892000.000000000000,2558.134218153488,-49.311986341651
894000.000000000000,2555.011826145607,-49.372558455560
896000.000000000000,2551.916006256123,-49.440139870313
898000.000000000000,2548.647700462300,-49.496273382590
900000.000000000000,2545.580214032625,-49.560758431257
902000.000000000000,2542.422854693694,-49.621335278640
904000.000000000000,2539.216601671169,-49.680727037259
906000.000000000000,2536.074662693277,-49.747505386902
908000.000000000000,2533.050172519611,-49.807428141900
910000.000000000000,2529.847931497530,-49.868011458040
912000.000000000000,2526.589279523134,-49.928141090837
914000.000000000000,2523.531365208281,-49.990924203973
916000.000000000000,2520.441441168854,-50.049129459800
918000.000000000000,2517.326320738305,-50.112387745374
920000.000000000000,2514.254503164747,-50.172464371478
922000.000000000000,2511.168914847997,-50.233016360461
924000.000000000000,2507.978870539461,-50.293601533261
926000.000000000000,2505.036329323463,-50.354580743335
928000.000000000000,2501.919509702548,-50.415294615590
930000.000000000000,2498.773164527927,-50.473629640102
932000.000000000000,2495.537749093876,-50.533643980099
934000.000000000000,2492.767953054117,-50.592107548738
936000.000000000000,2489.677976181852,-50.649931665728
938000.000000000000,2486.536829600886,-50.708318684039
940000.000000000000,2483.602242815097,-50.768872314123
942000.000000000000,2480.471164160655,-50.826416756300
944000.000000000000,2477.445598620453,-50.886947822873
946000.000000000000,2474.367060150151,-50.946285197701
948000.000000000000,2471.473420369114,-51.003411883754
950000.000000000000,2468.302581668973,-51.058571115393
952000.000000000000,2465.336863963723,-51.119334337408
954000.000000000000,2462.303296358023,-51.178495823153
956000.000000000000,2459.309932208215,-51.235164332128
958000.000000000000,2456.336953209626,-51.294081763913
960000.000000000000,2453.322090508067,-51.351608110092
962000.000000000000,2450.386316294744,-51.409029641913
964000.000000000000,2447.319311246142,-51.465664958039
966000.000000000000,2444.327762308274,-51.524558746669
968000.000000000000,2441.413845171103,-51.582408031110
970000.000000000000,2438.393659160536,-51.639377228099
972000.000000000000,2435.463320723805,-51.694461367681
974000.000000000000,2432.542201775267,-51.749593947926
976000.000000000000,2429.552288743524,-51.806592371180
978000.000000000000,2426.762099585528,-51.860641289297
980000.000000000000,2423.846194320155,-51.922057608278
982000.000000000000,2420.716798090863,-51.972894514255
984000.000000000000,2417.936581958933,-52.031998407704
986000.000000000000,2415.070838487998,-52.084831117578
988000.000000000000,2411.987797555733,-52.144440254021
990000.000000000000,2409.200682967172,-52.197197924942
992000.000000000000,2406.225582234380,-52.252363867775
994000.000000000000,2403.415052137818,-52.306974658398
996000.000000000000,2400.501855060500,-52.362030775050
998000.000000000000,2397.597752584183,-52.417813818353
1000000.000000000000,2394.766470151353,-52.471211328843
1002000.000000000000,2391.761505667294,-52.526615282932
1004000.000000000000,2389.063068195942,-52.584463244220
1006000.000000000000,2386.067208196433,-52.636401838566
1008000.000000000000,2383.237964197626,-52.689296451682
1010000.000000000000,2380.466855565925,-52.743514879686
1012000.000000000000,2377.585009718364,-52.798156774008
1014000.000000000000,2374.746545626322,-52.849954410932
1016000.000000000000,2371.833992803000,-52.904189160176
1018000.000000000000,2369.066477737067,-52.958960148346
1020000.000000000000,2366.184798380599,-53.012733446790
1022000.000000000000,2363.313217796333,-53.065129719566
1024000.000000000000,2360.551902398502,-53.117659223699
1026000.000000000000,2357.682262105034,-53.169525046871
1028000.000000000000,2354.788329147802,-53.224651638330
1030000.000000000000,2352.130401830877,-53.276318430866
1032000.000000000000,2349.488945798301,-53.328696701288
1034000.000000000000,2346.527196484253,-53.381223983154
1036000.000000000000,2343.816182981097,-53.433821894124
1038000.000000000000,2340.952245707245,-53.483968163230
1040000.000000000000,2338.282832554379,-53.537461238702
1042000.000000000000,2335.468531780223,-53.592541578390
1044000.000000000000,2332.633072563379,-53.641760242461
1046000.000000000000,2329.910733141031,-53.692524209250
1048000.000000000000,2327.203423108097,-53.743891847223
1050000.000000000000,2324.414886816277,-53.797600290376
1052000.000000000000,2321.769561655874,-53.847876987051
1054000.000000000000,2318.952982075184,-53.900243657646
1056000.000000000000,2316.247172823030,-53.949773853334
1058000.000000000000,2313.554860719083,-54.003153121197
1060000.000000000000,2310.842382247921,-54.051915127995
1062000.000000000000,2308.139250060499,-54.102637806587
1064000.000000000000,2305.448531103094,-54.154256200006
1066000.000000000000,2302.803387912872,-54.202223287628
1068000.000000000000,2300.117239122905,-54.253928623990
1070000.000000000000,2297.541826807928,-54.311396447189
1072000.000000000000,2294.556130991538,-54.352555216169
1074000.000000000000,2291.884276836428,-54.404522403566
1076000.000000000000,2289.147041398693,-54.452864267022
1078000.000000000000,2286.451849877187,-54.501488695032
1080000.000000000000,2283.868140893115,-54.553324667422
1082000.000000000000,2281.183009779984,-54.602700688599
1084000.000000000000,2278.433869874417,-54.648464229472
1086000.000000000000,2275.905214385226,-54.699729491269
1088000.000000000000,2273.152243428554,-54.747423402192
1090000.000000000000,2270.580390504002,-54.797843019464
1092000.000000000000,2267.831299932844,-54.846255755666
1094000.000000000000,2265.203972152638,-54.895003836702
1096000.000000000000,2262.571737737031,-54.944873815746
1098000.000000000000,2259.998018857635,-54.993286380358
1100000.000000000000,2257.337663584690,-55.038684479089
1102000.000000000000,2254.782491857880,-55.087826629340
1104000.000000000000,2252.162399629106,-55.133824914736
1106000.000000000000,2249.641493731534,-55.185755739713
1108000.000000000000,2246.969208237666,-55.236910890586
1110000.000000000000,2244.410918977931,-55.276617029500
1112000.000000000000,2241.691170596114,-55.327049418254
1114000.000000000000,2239.150657354940,-55.375205353914
1116000.000000000000,2236.634962764862,-55.420778696494
1118000.000000000000,2234.046171113152,-55.469368726979
1120000.000000000000,2231.454985895231,-55.517545303273
1122000.000000000000,2228.958081115578,-55.563523892358
1124000.000000000000,2226.333355721216,-55.610656860925
1126000.000000000000,2223.701708716415,-55.654850799582
1128000.000000000000,2221.157705745136,-55.707585167874
1130000.000000000000,2218.725143749584,-55.750130699023
1132000.000000000000,2216.270596352951,-55.795765548724
1134000.000000000000,2213.560441939362,-55.843065527094
1136000.000000000000,2211.140543529082,-55.887960023468
1138000.000000000000,2208.539111799537,-55.935966651618
1140000.000000000000,2206.124002297092,-55.982343740715
1142000.000000000000,2203.438078494830,-56.028800699997
1144000.000000000000,2201.026988412147,-56.076471230594
1146000.000000000000,2198.511234712978,-56.118661663875
1148000.000000000000,2196.061315090947,-56.160210753357
1150000.000000000000,2193.590639544433,-56.214680607434
1152000.000000000000,2190.864055127963,-56.251998110238
1154000.000000000000,2188.652325274995,-56.298502766196
1156000.000000000000,2185.994603991368,-56.347228834277
1158000.000000000000,2183.574963929456,-56.389539527475
1160000.000000000000,2181.159909576966,-56.435343179045
1162000.000000000000,2178.684361314314,-56.479696914049
1164000.000000000000,2176.250209791298,-56.524487867036
1166000.000000000000,2173.730169131975,-56.575173609210
1168000.000000000000,2171.182710849760,-56.615304829456
1170000.000000000000,2168.707743770093,-56.661594986615
1172000.000000000000,2166.239896253336,-56.705010977088
1174000.000000000000,2164.060857803489,-56.748013579285
1176000.000000000000,2161.556091609381,-56.792005431509
1178000.000000000000,2159.100335030004,-56.836750763363
1180000.000000000000,2156.746826099362,-56.879285758404
1182000.000000000000,2154.324085941016,-56.922588080225
1184000.000000000000,2151.828750956293,-56.966984339113
1186000.000000000000,2149.363384770329,-57.010820163553
1188000.000000000000,2147.060974132446,-57.054970883543
1190000.000000000000,2144.632270341650,-57.097913333734
1192000.000000000000,2142.420432020932,-57.139219297152
1194000.000000000000,2140.052099676175,-57.186922547782
1196000.000000000000,2137.306104865500,-57.231934343105
1198000.000000000000,2135.112722231175,-57.270352208716
1200000.000000000000,2132.530902213305,-57.314656498140
1202000.000000000000,2130.391336493042,-57.354194304450
1204000.000000000000,2128.041276112545,-57.398935121200
1206000.000000000000,2125.544713423879,-57.441475187146
1208000.000000000000,2123.343656787169,-57.483361910032
1210000.000000000000,2120.945612386350,-57.526306946070
1212000.000000000000,2118.558446433750,-57.570840027968
1214000.000000000000,2116.304112976234,-57.609999095476
1216000.000000000000,2113.892385342328,-57.645385229328
1218000.000000000000,2111.618396042554,-57.687311760527
1220000.000000000000,2109.253896108160,-57.737217169023
1222000.000000000000,2106.942226211290,-57.776851772668
1224000.000000000000,2104.714907704516,-57.820297368385
1226000.000000000000,2102.336065788649,-57.861614405699
1228000.000000000000,2100.035494549127,-57.901481524611
1230000.000000000000,2097.761002896579,-57.942963488498
1232000.000000000000,2095.398492081885,-57.984354185028
1234000.000000000000,2093.019008309705,-58.025019958362
1236000.000000000000,2090.774418555307,-58.067279106033
1238000.000000000000,2088.585856151242,-58.107741480365
1240000.000000000000,2086.159944496455,-58.148206951329
1242000.000000000000,2084.020447353713,-58.190018138286
1244000.000000000000,2081.572556987824,-58.235708110332
1246000.000000000000,2079.487584457126,-58.274193678417
1248000.000000000000,2077.295859994958,-58.312380840837
1250000.000000000000,2074.980640752945,-58.350775571737
1252000.000000000000,2072.705562475616,-58.393816163374
1254000.000000000000,2070.544313232047,-58.434251479763
1256000.000000000000,2068.304046441532,-58.477499676705
1258000.000000000000,2066.042154660288,-58.512684865329
1260000.000000000000,2063.698528970707,-58.553082769489
1262000.000000000000,2061.446260606720,-58.592591840106
1264000.000000000000,2059.290684278950,-58.640610048758
1266000.000000000000,2057.138242005899,-58.667812454604
1268000.000000000000,2054.997537794115,-58.712778129652
1270000.000000000000,2052.121990740649,-58.756287577266
1272000.000000000000,2050.581462300046,-58.788237924805
1274000.000000000000,2048.000019706272,-58.831246501996
1276000.000000000000,2046.276405972442,-58.875318953399
1278000.000000000000,2043.937970948223,-58.912833241279
1280000.000000000000,2041.702261998443,-58.946050980091
1282000.000000000000,2039.549844942762,-58.988382560502
1284000.000000000000,2037.276693584113,-59.025519120388
1286000.000000000000,2035.156082219653,-59.065234443940
1288000.000000000000,2032.906489580275,-59.103346127988
1290000.000000000000,2030.857846631345,-59.140284255552
1292000.000000000000,2028.601786407578,-59.178004056214
1294000.000000000000,2026.523878275558,-59.221348018953
1296000.000000000000,2024.466043183211,-59.253071459743
1298000.000000000000,2022.187814545787,-59.295433230119
1300000.000000000000,2019.967802315085,-59.335377077747
1302000.000000000000,2017.851414752729,-59.370674299829
1304000.000000000000,2015.701358698323,-59.410527260734
1306000.000000000000,2013.685410979539,-59.448518857661
1308000.000000000000,2011.532910606071,-59.484694676047
1310000.000000000000,2009.361396858230,-59.523012787558
1312000.000000000000,2007.193298267280,-59.558663296049
1314000.000000000000,2005.073344024863,-59.599739255489
1316000.000000000000,2002.966195346784,-59.633637721260
1318000.000000000000,2000.898470063118,-59.675570316820
1320000.000000000000,1998.793828588366,-59.711006027617
1322000.000000000000,1996.687194839666,-59.749967969389
1324000.000000000000,1994.595358293753,-59.786321023192
1326000.000000000000,1992.525123609769,-59.821877678745
1328000.000000000000,1990.321906180065,-59.858229381261
1330000.000000000000,1988.234503248064,-59.896121560325
1332000.000000000000,1986.288501730703,-59.934471086462
1334000.000000000000,1984.097246733668,-59.970229469716
1336000.000000000000,1982.091036643885,-60.008015408644
1338000.000000000000,1979.953107704781,-60.042259895116
1340000.000000000000,1977.875801134815,-60.079979843487
1342000.000000000000,1975.945525042899,-60.118209460623
1344000.000000000000,1973.839001724950,-60.151094692054
1346000.000000000000,1971.805841263783,-60.189598423219
1348000.000000000000,1969.737436073058,-60.225803597383
1350000.000000000000,1967.719538469139,-60.261288369021
1352000.000000000000,1965.655430739710,-60.297329794438
1354000.000000000000,1963.633112816995,-60.333897330517
1356000.000000000000,1961.640386246483,-60.366877036356
1358000.000000000000,1959.539386699405,-60.401679035020
1360000.000000000000,1957.477737343879,-60.442131204625
1362000.000000000000,1955.433139663828,-60.478706303479
1364000.000000000000,1953.402936547801,-60.511558735665
1366000.000000000000,1951.462289179238,-60.546623471891
1368000.000000000000,1949.280715032620,-60.579976301153
1370000.000000000000,1947.401339377675,-60.622866818311
1372000.000000000000,1945.369868675615,-60.652137546999
1374000.000000000000,1943.403585404783,-60.687157974700
1376000.000000000000,1941.356842953434,-60.723631783019
1378000.000000000000,1939.308484712494,-60.758156659877
1380000.000000000000,1937.376022580215,-60.791692798729
1382000.000000000000,1935.426546618507,-60.828532611153
1384000.000000000000,1933.450822378401,-60.865234691731
1386000.000000000000,1931.563517713629,-60.898636302437
1388000.000000000000,1929.393516240538,-60.930867703914
1390000.000000000000,1927.626065878568,-60.966610979298
1392000.000000000000,1925.523621627947,-61.001902511193
1394000.000000000000,1923.594590925674,-61.036210729397
1396000.000000000000,1921.547065041827,-61.069756257695
1398000.000000000000,1919.632808040632,-61.103780130255
1400000.000000000000,1917.732234548383,-61.140357379904
1402000.000000000000,1915.768301510330,-61.171939062861
1404000.000000000000,1913.854676038336,-61.207442175129
1406000.000000000000,1911.917370751178,-61.241099539101
1408000.000000000000,1910.047157781482,-61.270656102160
1410000.000000000000,1907.985303575962,-61.305550662509
1412000.000000000000,1906.142422015834,-61.341507746069
1414000.000000000000,1904.155564700388,-61.376128540459
1416000.000000000000,1902.231696608200,-61.410065930153
1418000.000000000000,1900.284684197171,-61.440953517075
1420000.000000000000,1898.411421849337,-61.474110738294
1422000.000000000000,1896.503443593204,-61.506064780452
1424000.000000000000,1894.643292451837,-61.541733931278
1426000.000000000000,1892.835762427837,-61.576476677345
1428000.000000000000,1890.834449355921,-61.607361281370
1430000.000000000000,1889.051655489996,-61.641281397952
1432000.000000000000,1887.088820237726,-61.675208262107
1434000.000000000000,1885.184124378334,-61.708668920494
1436000.000000000000,1883.326304834872,-61.739624099630
1438000.000000000000,1881.396775883277,-61.771278367899
1440000.000000000000,1879.550562322343,-61.804254660589
1442000.000000000000,1877.712604008604,-61.838856943561
1444000.000000000000,1875.872619885428,-61.871042818197
1446000.000000000000,1874.040862123480,-61.902731087110
1448000.000000000000,1872.119115779551,-61.935499617283
1450000.000000000000,1870.332034993049,-61.970365362591
1452000.000000000000,1868.340722423334,-62.000362328065
1454000.000000000000,1866.586534896559,-62.029574668900
1456000.000000000000,1864.788557869574,-62.064270308568
1458000.000000000000,1862.894405279139,-62.097379242131
1460000.000000000000,1860.864360342931,-62.128282300761
1462000.000000000000,1859.204239100002,-62.161170747058
1464000.000000000000,1857.323655567801,-62.191213411391
1466000.000000000000,1855.623182610743,-62.223809874698
1468000.000000000000,1853.758539576555,-62.255815611512
1470000.000000000000,1851.892798864156,-62.288831776342
1472000.000000000000,1850.060627318333,-62.318476209170
1474000.000000000000,1848.259913448743,-62.351794871501
1476000.000000000000,1846.455583222844,-62.384278617869
1478000.000000000000,1844.660165024673,-62.413439077312
1480000.000000000000,1842.837306757573,-62.446458844261
1482000.000000000000,1841.010596198574,-62.476934723571
1484000.000000000000,1839.405807630209,-62.510488972611
1486000.000000000000,1837.505783912887,-62.538746309032
1488000.000000000000,1835.793020089228,-62.570227686209
1490000.000000000000,1833.932587909308,-62.599761157616
1492000.000000000000,1832.189421897751,-62.632655319903
1494000.000000000000,1830.380540408065,-62.664155098436
1496000.000000000000,1828.638544804006,-62.693481990784
1498000.000000000000,1826.908800867278,-62.721987587300
1500000.000000000000,1825.124372749770,-62.755333031363
1502000.000000000000,1823.393072853232,-62.785391952100
1504000.000000000000,1821.517185683521,-62.817580542143
1506000.000000000000,1819.695976342626,-62.846579509428
1508000.000000000000,1818.168125753865,-62.878460376536
1510000.000000000000,1816.408307831959,-62.907289819654
1512000.000000000000,1814.651527832853,-62.938576271424
1514000.000000000000,1812.905757820245,-62.970401253183
1516000.000000000000,1811.145293454289,-63.000086799808
1518000.000000000000,1809.385626108973,-63.028467629901
1520000.000000000000,1807.618240610578,-63.055176443837
1522000.000000000000,1805.836510331668,-63.088182097686
1524000.000000000000,1804.231747656889,-63.118510732233
1526000.000000000000,1802.578465778358,-63.147734631690
1528000.000000000000,1800.819165720082,-63.177038873555
1530000.000000000000,1799.113413068592,-63.205657650240
1532000.000000000000,1797.447862274952,-63.240020843232
1534000.000000000000,1795.803098762703,-63.268579242483
1536000.000000000000,1793.834704574706,-63.296869928137
1538000.000000000000,1792.254161321467,-63.330394544973
1540000.000000000000,1790.763067086553,-63.360386667808
1542000.000000000000,1789.031236692501,-63.390165095992
1544000.000000000000,1787.185048572971,-63.415320863710
1546000.000000000000,1785.550044980464,-63.444842476586
1548000.000000000000,1783.848822237722,-63.474558925794
1550000.000000000000,1782.029414829654,-63.503120467838
1552000.000000000000,1780.441349038775,-63.533405274816
1554000.000000000000,1778.899578217511,-63.563227836612
1556000.000000000000,1777.149539280503,-63.588643489497
1558000.000000000000,1775.411249978901,-63.618571736041
1560000.000000000000,1773.745794032862,-63.647636747677
1562000.000000000000,1772.026136521365,-63.678402125550
1564000.000000000000,1770.414696993633,-63.701830844021
1566000.000000000000,1768.825401637469,-63.732946109907
1568000.000000000000,1767.191463958118,-63.763059861719
1570000.000000000000,1765.555041553800,-63.790183245739
1572000.000000000000,1763.849868196868,-63.819048886907
1574000.000000000000,1762.240935305747,-63.848789489168
1576000.000000000000,1760.565194799157,-63.874563935494
1578000.000000000000,1758.939298739021,-63.903829584808
1580000.000000000000,1757.475145672822,-63.935123405010
1582000.000000000000,1755.676162610536,-63.960356638162
1584000.000000000000,1754.015993062123,-63.987537965229
1586000.000000000000,1752.671905663495,-64.021845252892
1588000.000000000000,1750.757291112112,-64.045148584298
1590000.000000000000,1749.351045795349,-64.073515235051
1592000.000000000000,1747.805334610202,-64.105053589955
1594000.000000000000,1746.060102537810,-64.132443908753
1596000.000000000000,1744.508537229638,-64.161539134589
1598000.000000000000,1742.871687943630,-64.188830338841
1600000.000000000000,1741.135782879088,-64.212142819214
1602000.000000000000,1739.646295860837,-64.244151700916
1604000.000000000000,1738.107708972766,-64.267206607281
1606000.000000000000,1736.365818334744,-64.295892617908
1608000.000000000000,1734.930852203334,-64.323765268917
1610000.000000000000,1733.380490082154,-64.352493480731
1612000.000000000000,1731.803510181050,-64.382195310024
1614000.000000000000,1730.106920997237,-64.405487244346
1616000.000000000000,1728.658650844556,-64.437169735726
1618000.000000000000,1726.939358485060,-64.462835128152
1620000.000000000000,1725.358225277337,-64.485006769078
1622000.000000000000,1724.057909518244,-64.517958528229
1624000.000000000000,1722.318634368168,-64.544346518153
1626000.000000000000,1720.788539774927,-64.567797160670
1628000.000000000000,1719.269927734278,-64.595989356899
1630000.000000000000,1717.667560413880,-64.623893632434
1632000.000000000000,1716.080715370603,-64.650919546778
1634000.000000000000,1714.534741514337,-64.679411270803
1636000.000000000000,1713.050329889225,-64.708106468349
1638000.000000000000,1711.387084306510,-64.730248139651
1640000.000000000000,1709.923367283061,-64.757845752429
1642000.000000000000,1708.363882138444,-64.785221291296
1644000.000000000000,1706.808320686652,-64.812221035984
1646000.000000000000,1705.266460349076,-64.837472323149
1648000.000000000000,1703.911822597652,-64.862411856470
1650000.000000000000,1702.457311842066,-64.891580481542
1652000.000000000000,1700.852749497332,-64.920834088661
1654000.000000000000,1699.221887748410,-64.939821812788
1656000.000000000000,1697.827498001539,-64.970180729967
1658000.000000000000,1696.214244942948,-64.994201059481
1660000.000000000000,1694.777033899469,-65.024536022212
1662000.000000000000,1693.130987076170,-65.045293259298
1664000.000000000000,1691.748080307779,-65.077493050201
1666000.000000000000,1690.125471898108,-65.100321019947
1668000.000000000000,1688.565021867450,-65.125745862079
1670000.000000000000,1687.362020180181,-65.151444883211
1672000.000000000000,1685.782732880524,-65.179306995899
1674000.000000000000,1684.359704149771,-65.206291503510
1676000.000000000000,1682.734103182448,-65.231409000160
1678000.000000000000,1681.364352898609,-65.258483398255
1680000.000000000000,1679.961953986490,-65.281332888639
1682000.000000000000,1678.314485368121,-65.309114619061
1684000.000000000000,1676.872033411330,-65.333856648743
1686000.000000000000,1675.463987803855,-65.360692858904
1688000.000000000000,1673.937174620897,-65.388235487522
1690000.000000000000,1672.654384805269,-65.408837197277
1692000.000000000000,1671.037564249026,-65.437255509759
1694000.000000000000,1669.672771484310,-65.461937309219
1696000.000000000000,1668.235482007629,-65.485252550602
1698000.000000000000,1666.645699238393,-65.510647643140
1700000.000000000000,1665.187413022456,-65.536560017789
1702000.000000000000,1663.726205054749,-65.560810117614
1704000.000000000000,1662.364266137885,-65.587354273178
1706000.000000000000,1660.812274900442,-65.613235127109
1708000.000000000000,1659.334835305061,-65.638412822408
1710000.000000000000,1658.060473431833,-65.662711995360
1712000.000000000000,1656.374685342578,-65.684675615444
1714000.000000000000,1655.020541887540,-65.708216090841
1716000.000000000000,1653.612182333673,-65.736917420103
1718000.000000000000,1651.937220976094,-65.756520997038
1720000.000000000000,1650.727030072962,-65.785679390692
1722000.000000000000,1649.547288703126,-65.810795320350
1724000.000000000000,1647.927777331696,-65.837814413652
1726000.000000000000,1646.587178013035,-65.860173809765
1728000.000000000000,1645.126125149982,-65.883432730915
1730000.000000000000,1643.636452842222,-65.911148992349
1732000.000000000000,1642.307497744461,-65.929977572779
1734000.000000000000,1640.907602684360,-65.955813788720
1736000.000000000000,1639.353236450827,-65.978565803869
1738000.000000000000,1637.995586587516,-66.001670854146
1740000.000000000000,1636.648524735067,-66.030337958219
1742000.000000000000,1635.351458270590,-66.054731841675
1744000.000000000000,1633.816718317237,-66.077497834563
1746000.000000000000,1632.596458144368,-66.102891345301
1748000.000000000000,1631.093112728436,-66.126793389973
1750000.000000000000,1629.646718994396,-66.150498256986
1752000.000000000000,1628.164139443545,-66.170182830387
1754000.000000000000,1626.788848733002,-66.198057996775
1756000.000000000000,1625.609249911819,-66.224242477503
1758000.000000000000,1624.078026003223,-66.244018076011
1760000.000000000000,1622.619084966865,-66.266304475793
1762000.000000000000,1621.202109242903,-66.289616915276
1764000.000000000000,1619.881192828378,-66.314445603767
1766000.000000000000,1618.742437909710,-66.338267802120
1768000.000000000000,1617.346023335894,-66.367271900991
1770000.000000000000,1615.900787602893,-66.380669305448
1772000.000000000000,1614.391722047325,-66.407301332280
1774000.000000000000,1613.209691862087,-66.433483522072
1776000.000000000000,1611.869698237405,-66.457282575847
1778000.000000000000,1610.404955022131,-66.474245199763
1780000.000000000000,1609.087533219159,-66.503915438460
1782000.000000000000,1607.726203315774,-66.524506015441
1784000.000000000000,1606.359922770717,-66.546334295164
1786000.000000000000,1604.808817031734,-66.567847645815
1788000.000000000000,1603.491949066648,-66.591147893838
1790000.000000000000,1602.271032033203,-66.617220831397
1792000.000000000000,1601.084332158460,-66.642868998095
1794000.000000000000,1599.546733463131,-66.659081310845
1796000.000000000000,1598.337840061885,-66.685366968238
1798000.000000000000,1597.058070898024,-66.708480754459
1800000.000000000000,1595.646234789881,-66.730823778589
1802000.000000000000,1594.488541919284,-66.759130085675
1804000.000000000000,1592.957223150348,-66.777031249932
1806000.000000000000,1591.840330456314,-66.799055103544
1808000.000000000000,1590.352515139768,-66.821117251787
1810000.000000000000,1589.296445099307,-66.849511242554
1812000.000000000000,1587.860923105582,-66.871912088812
1814000.000000000000,1586.516025114535,-66.892717292779
1816000.000000000000,1585.219772294884,-66.909396265013
1818000.000000000000,1584.117377626172,-66.935808371375
1820000.000000000000,1582.474782409251,-66.952891503025
1822000.000000000000,1581.178930043938,-66.980162431191
1824000.000000000000,1579.942610081722,-67.002501800644
1826000.000000000000,1578.718178732712,-67.023791703578
1828000.000000000000,1577.392654881842,-67.046766072121
1830000.000000000000,1576.033776054660,-67.071163587560
1832000.000000000000,1574.785219426538,-67.089258341439
1834000.000000000000,1573.572050560721,-67.117675127414
1836000.000000000000,1572.151940605094,-67.136302922193
1838000.000000000000,1571.102337651220,-67.161392388773
1840000.000000000000,1569.680237414700,-67.178533332494
1842000.000000000000,1568.368406938913,-67.200509065400
1844000.000000000000,1567.342875139420,-67.229583785166
1846000.000000000000,1566.127360364100,-67.252266474771
1848000.000000000000,1564.534168779732,-67.266085658062
1850000.000000000000,1563.267054045279,-67.289387764267
1852000.000000000000,1562.083789158996,-67.309577977982
1854000.000000000000,1560.977867849318,-67.340623546613
1856000.000000000000,1559.432404087468,-67.354713704647
1858000.000000000000,1558.231669642547,-67.373924232281
1860000.000000000000,1556.946714649114,-67.397218571562
1862000.000000000000,1555.679365795733,-67.416952926255
1864000.000000000000,1554.686295403995,-67.448340645301
1866000.000000000000,1553.129810419148,-67.459837798444
1868000.000000000000,1551.924471454695,-67.482042651818
1870000.000000000000,1550.874199770972,-67.510234075442
1872000.000000000000,1549.434223190878,-67.524702181506
1874000.000000000000,1548.281160256403,-67.549008049319
1876000.000000000000,1547.116587825386,-67.564926073822
1878000.000000000000,1545.689508186358,-67.589287960521
1880000.000000000000,1544.691125947977,-67.619198031632
1882000.000000000000,1543.512540757693,-67.636245898409
1884000.000000000000,1542.034555672767,-67.655901570411
1886000.000000000000,1540.743789982520,-67.675401983805
1888000.000000000000,1539.466681338833,-67.695313682511
1890000.000000000000,1538.414947566016,-67.720431260138
1892000.000000000000,1537.226485025878,-67.736909302377
1894000.000000000000,1536.115736206025,-67.756525389335
1896000.000000000000,1534.704337834627,-67.780680346203
1898000.000000000000,1533.425886136487,-67.799856866980
1900000.000000000000,1532.569340128298,-67.829294802834
1902000.000000000000,1531.133570385914,-67.847396567002
1904000.000000000000,1529.849999973621,-67.863625816608
1906000.000000000000,1528.838652922044,-67.889796597251
1908000.000000000000,1527.439160685261,-67.906871674226
1910000.000000000000,1526.295901302483,-67.936419208874
1912000.000000000000,1525.509296255657,-67.960258172631
1914000.000000000000,1524.151758017355,-67.975520979162
1916000.000000000000,1522.767574709513,-67.990974803250
1918000.000000000000,1521.469929860260,-68.010779484423
1920000.000000000000,1520.331820059128,-68.032953346186
1922000.000000000000,1519.287574421462,-68.056454383827
1924000.000000000000,1517.944036435555,-68.073769442657
1926000.000000000000,1516.996725848270,-68.098393847690
1928000.000000000000,1515.861434810757,-68.117069951028
1930000.000000000000,1514.371072660037,-68.131050872544
1932000.000000000000,1513.555783125388,-68.160889290011
1934000.000000000000,1512.201231853458,-68.173807717780
1936000.000000000000,1510.763845984141,-68.190876653234
1938000.000000000000,1509.893194905768,-68.218894811239
1940000.000000000000,1508.619067234098,-68.234175092889
1942000.000000000000,1507.352729535488,-68.251001282967
1944000.000000000000,1506.392464273069,-68.279897307712
1946000.000000000000,1505.273081296395,-68.300161714753
1948000.000000000000,1504.183108204018,-68.319668431883
1950000.000000000000,1502.856840868920,-68.337019449768
1952000.000000000000,1501.746462749316,-68.358914825873
1954000.000000000000,1500.783644995531,-68.381621521459
1956000.000000000000,1499.594152852490,-68.396716866671
1958000.000000000000,1498.228684456227,-68.419990456990
1960000.000000000000,1497.152288793452,-68.435931906021
1962000.000000000000,1496.099364337985,-68.460936597508
1964000.000000000000,1494.580717085100,-68.474384916448
1966000.000000000000,1493.545921733792,-68.499290960877
1968000.000000000000,1492.782859272241,-68.520985628475
1970000.000000000000,1491.356699398844,-68.532952321805
1972000.000000000000,1490.447522150642,-68.557904604614
1974000.000000000000,1489.156123561999,-68.572219074466
1976000.000000000000,1487.893952254276,-68.589469733726
1978000.000000000000,1486.876160166245,-68.616077434596
1980000.000000000000,1485.785856780406,-68.633718079558
1982000.000000000000,1484.738002745798,-68.660529659947
1984000.000000000000,1483.395776674986,-68.672969993110
1986000.000000000000,1482.377016274010,-68.691752653363
1988000.000000000000,1481.560135350336,-68.717174793042
1990000.000000000000,1480.359113744362,-68.734081038570
1992000.000000000000,1479.025583616841,-68.749049000412
1994000.000000000000,1477.811899916534,-68.766921906215
1996000.000000000000,1477.079294888490,-68.798102842615
1998000.000000000000,1476.057193857910,-68.815860528990
