frecuencia,X,Y,R,T
2000,0.20150871574878693,-0.0006337764789350331,0.2015097290277481,-0.18020257353782654
4000,0.20151270925998688,-0.002508699195459485,0.20152832567691803,-0.713257908821106
6000,0.20148183405399323,-0.004401939455419779,0.20152990520000458,-1.2515894174575806
8000,0.201401486992836,-0.006303784437477589,0.20150011777877808,-1.7927488088607788
10000,0.20123900473117828,-0.008205980993807316,0.20140624046325684,-2.3350725173950195
12000,0.20107008516788483,-0.010106224566698074,0.20132391154766083,-2.8773913383483887
14000,0.20084531605243683,-0.011999200098216534,0.20120345056056976,-3.4189844131469727
16000,0.20057351887226105,-0.01388391014188528,0.20105348527431488,-3.9597575664520264
18000,0.20027895271778107,-0.015758827328681946,0.2008979767560959,-4.499014854431152
20000,0.1999761015176773,-0.017626268789172173,0.2007514089345932,-5.037139415740967
22000,0.19960956275463104,-0.019479719921946526,0.20055781304836273,-5.573794364929199
24000,0.19918358325958252,-0.021317392587661743,0.20032107830047607,-6.108761787414551
26000,0.1987607777118683,-0.023145493119955063,0.20010386407375336,-6.642119884490967
28000,0.1982870101928711,-0.024957315996289253,0.19985145330429077,-7.173786640167236
30000,0.19777809083461761,-0.026753176003694534,0.19957931339740753,-7.7035651206970215
32000,0.19723258912563324,-0.028533007949590683,0.19928579032421112,-8.231688499450684
34000,0.1966526061296463,-0.030295172706246376,0.19897247850894928,-8.75780963897705
36000,0.19603797793388367,-0.03203932195901871,0.1986388862133026,-9.28203010559082
38000,0.1954008787870407,-0.03376682102680206,0.19829700887203217,-9.80433464050293
40000,0.1947239190340042,-0.035473186522722244,0.19792865216732025,-10.32445240020752
42000,0.19402854144573212,-0.037161558866500854,0.19755519926548004,-10.842344284057617
44000,0.19330060482025146,-0.038829490542411804,0.19716200232505798,-11.358196258544922
46000,0.19259300827980042,-0.04048619046807289,0.19680242240428925,-11.871648788452148
48000,0.19183926284313202,-0.04211920499801636,0.19640858471393585,-12.383076667785645
50000,0.19101805984973907,-0.04372051730751991,0.19595760107040405,-12.891888618469238
52000,0.1901707500219345,-0.045296598225831985,0.19549091160297394,-13.397583961486816
54000,0.1893530637025833,-0.04686194285750389,0.1950656771659851,-13.900511741638184
56000,0.188508078455925,-0.04840319976210594,0.19462312757968903,-14.400728225708008
58000,0.18760418891906738,-0.04991111904382706,0.19412998855113983,-14.898147583007812
60000,0.1867220103740692,-0.05140857398509979,0.19366969168186188,-15.393373489379883
62000,0.18578757345676422,-0.0528736338019371,0.19316481053829193,-15.8859224319458
64000,0.1848447322845459,-0.05431675538420677,0.19266001880168915,-16.375463485717773
66000,0.1838800460100174,-0.055735278874635696,0.1921413391828537,-16.862407684326172
68000,0.1828872561454773,-0.05712643265724182,0.19160160422325134,-17.346649169921875
70000,0.1818932741880417,-0.058496180921792984,0.19106797873973846,-17.827590942382812
72000,0.18092334270477295,-0.059855736792087555,0.1905674934387207,-18.306011199951172
74000,0.17987540364265442,-0.0611690990626812,0.18999162316322327,-18.78130531311035
76000,0.1788296103477478,-0.062461968511343,0.18942420184612274,-19.25339126586914
78000,0.17778973281383514,-0.06373795121908188,0.18886956572532654,-19.722850799560547
80000,0.17670303583145142,-0.06497490406036377,0.18827030062675476,-20.18881607055664
82000,0.17562133073806763,-0.06619380414485931,0.18768182396888733,-20.65203094482422
84000,0.17451176047325134,-0.06738122552633286,0.1870684027671814,-21.112211227416992
86000,0.17340441048145294,-0.06854838132858276,0.1864617019891739,-21.56934928894043
88000,0.17228767275810242,-0.06968892365694046,0.18584829568862915,-22.022918701171875
90000,0.17114920914173126,-0.07079967856407166,0.18521514534950256,-22.473522186279297
92000,0.16999132931232452,-0.07187991589307785,0.1845637410879135,-22.920806884765625
94000,0.16885006427764893,-0.07294560223817825,0.18393315374851227,-23.365022659301758
96000,0.16768275201320648,-0.07397733628749847,0.18327614665031433,-23.80584144592285
98000,0.16654536128044128,-0.07500085979700089,0.18265400826931,-24.243606567382812
100000,0.16535606980323792,-0.07597880065441132,0.18197639286518097,-24.678119659423828
102000,0.16419675946235657,-0.07694656401872635,0.18133214116096497,-25.10892105102539
104000,0.16300427913665771,-0.07787907123565674,0.18065311014652252,-25.53721809387207
106000,0.1618102788925171,-0.07878986746072769,0.17997334897518158,-25.96272087097168
108000,0.16061155498027802,-0.07967428117990494,0.17928765714168549,-26.384544372558594
110000,0.15941429138183594,-0.08053798973560333,0.17860370874404907,-26.803443908691406
112000,0.15821149945259094,-0.08137498050928116,0.17791223526000977,-27.218708038330078
114000,0.15699398517608643,-0.0821828842163086,0.17720367014408112,-27.63106346130371
116000,0.15577635169029236,-0.08296798169612885,0.17649351060390472,-28.04018783569336
118000,0.15457825362682343,-0.08373867720365524,0.17580273747444153,-28.445446014404297
120000,0.15336787700653076,-0.08448220044374466,0.17509697377681732,-28.848026275634766
122000,0.1521758884191513,-0.0852111279964447,0.17440882325172424,-29.2467098236084
124000,0.15098333358764648,-0.08591770380735397,0.17371763288974762,-29.642221450805664
126000,0.1497621238231659,-0.08658692985773087,0.1729913055896759,-30.034912109375
128000,0.14855609834194183,-0.08723895996809006,0.1722775399684906,-30.42340850830078
130000,0.14734789729118347,-0.08786893635988235,0.17155860364437103,-30.80916976928711
132000,0.1461482048034668,-0.08848080039024353,0.1708454042673111,-31.191478729248047
134000,0.14494746923446655,-0.08906929194927216,0.17012673616409302,-31.57045555114746
136000,0.14373907446861267,-0.08963154256343842,0.16939520835876465,-31.946474075317383
138000,0.14256033301353455,-0.09018931537866592,0.1686936914920807,-32.319061279296875
140000,0.1413659155368805,-0.09071578085422516,0.16796927154064178,-32.68865203857422
142000,0.14017823338508606,-0.0912223607301712,0.16724669933319092,-33.05445861816406
144000,0.13897359371185303,-0.09169678390026093,0.16649913787841797,-33.41740417480469
146000,0.13780222833156586,-0.09217283129692078,0.16578686237335205,-33.777679443359375
148000,0.1366240680217743,-0.09262022376060486,0.16505950689315796,-34.13413619995117
150000,0.13547030091285706,-0.09306315332651138,0.16435617208480835,-34.48764419555664
152000,0.1343023031949997,-0.09347277879714966,0.1636284589767456,-34.83745193481445
154000,0.13313652575016022,-0.0938635841012001,0.16289784014225006,-35.184505462646484
156000,0.13196861743927002,-0.09423179924488068,0.16215839982032776,-35.52861785888672
158000,0.13082866370677948,-0.0945964828133583,0.16144545376300812,-35.869041442871094
160000,0.12971113622188568,-0.09495818614959717,0.16075457632541656,-36.20689392089844
162000,0.1285780370235443,-0.09528762847185135,0.16003763675689697,-36.541690826416016
164000,0.12744462490081787,-0.0955946147441864,0.15931247174739838,-36.87310028076172
166000,0.12631721794605255,-0.09588434547185898,0.1585870236158371,-37.20125198364258
168000,0.12518885731697083,-0.09615399688482285,0.1578538566827774,-37.52683639526367
170000,0.12411816418170929,-0.09644648432731628,0.1571853756904602,-37.849124908447266
172000,0.12301857024431229,-0.09669624269008636,0.15647278726100922,-38.168392181396484
174000,0.12189492583274841,-0.09690707176923752,0.15572205185890198,-38.4848747253418
176000,0.12080780416727066,-0.0971258208155632,0.15500950813293457,-38.7982292175293
178000,0.11973661184310913,-0.0973396748304367,0.15431095659732819,-39.10932540893555
180000,0.11867198348045349,-0.09753885120153427,0.15361270308494568,-39.417457580566406
182000,0.11761189997196198,-0.09772095084190369,0.15291155874729156,-39.72239303588867
184000,0.11655129492282867,-0.09788309782743454,0.15220153331756592,-40.024497985839844
186000,0.11551113426685333,-0.09804299473762512,0.15150991082191467,-40.32377243041992
188000,0.11447183042764664,-0.09818389266729355,0.15081073343753815,-40.62009048461914
190000,0.11345504969358444,-0.09832713752985,0.15013419091701508,-40.91421890258789
192000,0.11242891848087311,-0.09844166040420532,0.14943568408489227,-41.20507049560547
194000,0.11141214519739151,-0.09854590892791748,0.14874126017093658,-41.4932975769043
196000,0.11040664464235306,-0.09864140301942825,0.14805321395397186,-41.77878189086914
198000,0.10941210389137268,-0.09873058646917343,0.1473727822303772,-42.062255859375
200000,0.10843516141176224,-0.09881477802991867,0.14670564234256744,-42.34227752685547
202000,0.10745247453451157,-0.09887710213661194,0.1460229903459549,-42.62006759643555
204000,0.10648106783628464,-0.09893224388360977,0.14534719288349152,-42.89535903930664
206000,0.10551724582910538,-0.0989757850766182,0.14467237889766693,-43.16780471801758
208000,0.10458255559206009,-0.09902944415807724,0.1440289467573166,-43.43775939941406
210000,0.10363888740539551,-0.09905731678009033,0.14336447417736053,-43.70515441894531
212000,0.10269477218389511,-0.09906718879938126,0.14269030094146729,-43.9699592590332
214000,0.10177070647478104,-0.0990801602602005,0.14203575253486633,-44.23252487182617
216000,0.10085996240377426,-0.09908972680568695,0.141391322016716,-44.49274826049805
218000,0.09994712471961975,-0.0990799218416214,0.1407347023487091,-44.75034713745117
220000,0.09904598444700241,-0.09906572103500366,0.1400861293077469,-45.005706787109375
222000,0.09814413636922836,-0.09903370589017868,0.13942719995975494,-45.25849151611328
224000,0.09728031605482101,-0.09902361780405045,0.1388133317232132,-45.50880813598633
226000,0.09639813005924225,-0.09898020327091217,0.1381654143333435,-45.75716018676758
228000,0.09552579373121262,-0.09892969578504562,0.1375218629837036,-46.002845764160156
230000,0.09465916454792023,-0.09887097030878067,0.1368788778781891,-46.246726989746094
232000,0.09381062537431717,-0.09881239384412766,0.13625094294548035,-46.48744583129883
234000,0.09297139197587967,-0.09875265508890152,0.1356309950351715,-46.727176666259766
236000,0.09213887155056,-0.09868207573890686,0.13501009345054626,-46.96388626098633
238000,0.09130901098251343,-0.09860000759363174,0.134384885430336,-47.19862365722656
240000,0.09050268679857254,-0.09852880984544754,0.1337858885526657,-47.43126678466797
242000,0.08969399333000183,-0.0984388217329979,0.1331736147403717,-47.66131591796875
244000,0.0888872891664505,-0.09834077209234238,0.1325588822364807,-47.89051055908203
246000,0.08809542655944824,-0.09823954105377197,0.13195382058620453,-48.11611557006836
248000,0.08731910586357117,-0.09814397245645523,0.13136538863182068,-48.340370178222656
250000,0.0865357294678688,-0.09802550822496414,0.1307571530342102,-48.562320709228516
252000,0.08576223254203796,-0.09790442138910294,0.13015542924404144,-48.782310485839844
254000,0.08500179648399353,-0.0977851077914238,0.12956556677818298,-49.0004997253418
256000,0.08427118510007858,-0.09768649190664291,0.12901271879673004,-49.216651916503906
258000,0.08351834118366241,-0.097549669444561,0.12841826677322388,-49.43110656738281
260000,0.08277973532676697,-0.0974164828658104,0.12783761322498322,-49.64375305175781
262000,0.08206788450479507,-0.09730090945959091,0.12728944420814514,-49.8542366027832
264000,0.08133295923471451,-0.09714551270008087,0.12669767439365387,-50.06298065185547
266000,0.0806252509355545,-0.09700966626405716,0.1261400282382965,-50.26984786987305
268000,0.07992184162139893,-0.09686428308486938,0.12557941675186157,-50.474266052246094
270000,0.07922741770744324,-0.0967193990945816,0.12502650916576385,-50.6774787902832
272000,0.07852810621261597,-0.09655696153640747,0.12445846945047379,-50.87913513183594
274000,0.077840156853199,-0.0963941141963005,0.12389881163835526,-51.078433990478516
276000,0.07717765122652054,-0.09624949097633362,0.12337080389261246,-51.275611877441406
278000,0.0764937773346901,-0.09606803953647614,0.12280214577913284,-51.47158432006836
280000,0.0758306235074997,-0.09590335935354233,0.1222609356045723,-51.6666374206543
282000,0.07518406212329865,-0.09574390202760696,0.12173552811145782,-51.858795166015625
284000,0.07453345507383347,-0.09556904435157776,0.12119685113430023,-52.049644470214844
286000,0.07388587296009064,-0.0953853502869606,0.12065441161394119,-52.238487243652344
288000,0.07324524223804474,-0.09520053118467331,0.12011663615703583,-52.42608642578125
290000,0.07263097912073135,-0.09503944218158722,0.11961502581834793,-52.61223220825195
292000,0.07200226932764053,-0.0948476567864418,0.11908150464296341,-52.79655456542969
294000,0.07139425724744797,-0.09467159956693649,0.11857425421476364,-52.979122161865234
296000,0.07078972458839417,-0.09448951482772827,0.11806546151638031,-53.160152435302734
298000,0.0701838880777359,-0.09429477900266647,0.1175469383597374,-53.33957290649414
300000,0.06958413869142532,-0.09409749507904053,0.11703114956617355,-53.517452239990234
302000,0.06901005655527115,-0.09392544627189636,0.11655203253030777,-53.694068908691406
304000,0.06841620802879333,-0.09371539950370789,0.1160316988825798,-53.86897277832031
306000,0.06783872097730637,-0.09351785480976105,0.11553216725587845,-54.04251480102539
308000,0.0672689899802208,-0.09331998974084854,0.11503799259662628,-54.2143440246582
310000,0.06670890003442764,-0.09312663227319717,0.11455412209033966,-54.385040283203125
312000,0.06614647060632706,-0.09291990101337433,0.11405903846025467,-54.55424880981445
314000,0.06559378653764725,-0.09271854907274246,0.11357498168945312,-54.72248077392578
316000,0.06505114585161209,-0.09251710772514343,0.11309760063886642,-54.887962341308594
318000,0.0645078644156456,-0.0923091471195221,0.11261546611785889,-55.053218841552734
320000,0.06397244334220886,-0.09209978580474854,0.11213760823011398,-55.21617889404297
322000,0.06345431506633759,-0.09190832078456879,0.11168523132801056,-55.37845230102539
324000,0.0629219338297844,-0.09168535470962524,0.11119970679283142,-55.53892135620117
326000,0.06240502744913101,-0.09147604554891586,0.11073505878448486,-55.698158264160156
328000,0.061894167214632034,-0.09126801788806915,0.1102757453918457,-55.85651397705078
330000,0.0613875687122345,-0.09105470776557922,0.10981526225805283,-56.0128059387207
332000,0.0608818419277668,-0.09083588421344757,0.10935152322053909,-56.16842269897461
334000,0.060388822108507156,-0.09062673896551132,0.10890369862318039,-56.322628021240234
336000,0.059898022562265396,-0.09041233360767365,0.10845350474119186,-56.475589752197266
338000,0.0594075471162796,-0.09018802642822266,0.10799600183963776,-56.62679672241211
340000,0.0589192770421505,-0.0899602472782135,0.10753756016492844,-56.777286529541016
342000,0.058457065373659134,-0.08976247161626816,0.10711923241615295,-56.926143646240234
344000,0.05798505246639252,-0.08954145014286041,0.10667678713798523,-57.07379913330078
346000,0.057516567409038544,-0.08931927382946014,0.10623600333929062,-57.22074508666992
348000,0.057056549936532974,-0.08909943699836731,0.10580245405435562,-57.36574172973633
350000,0.0565999336540699,-0.08887678384780884,0.10536904633045197,-57.50954818725586
352000,0.056147266179323196,-0.08865399658679962,0.10493829101324081,-57.65267562866211
354000,0.05570455268025398,-0.08844038844108582,0.10452128946781158,-57.795047760009766
356000,0.055263254791498184,-0.08821932971477509,0.10409936308860779,-57.935726165771484
358000,0.05482620373368263,-0.08799530565738678,0.10367780178785324,-58.074684143066406
360000,0.0544004924595356,-0.08778215199708939,0.10327207297086716,-58.21260452270508
362000,0.05397192761301994,-0.08755666762590408,0.10285494476556778,-58.349369049072266
364000,0.05353925749659538,-0.08731932938098907,0.10242615640163422,-58.48573303222656
366000,0.05312543362379074,-0.0871003046631813,0.1020234003663063,-58.619564056396484
368000,0.052715759724378586,-0.08688541501760483,0.10162690281867981,-58.753658294677734
370000,0.052306633442640305,-0.0866636410355568,0.101225346326828,-58.88652420043945
372000,0.05190492048859596,-0.0864449143409729,0.10083077847957611,-59.01773452758789
374000,0.051504433155059814,-0.08622288703918457,0.10043451935052872,-59.148406982421875
376000,0.05109604448080063,-0.08597888052463531,0.10001587122678757,-59.2775764465332
378000,0.0507156141102314,-0.08577511459589005,0.09964659065008163,-59.405757904052734
380000,0.05032778158783913,-0.08555573970079422,0.09926062077283859,-59.53401565551758
382000,0.049935922026634216,-0.08531952649354935,0.09885857254266739,-59.66035461425781
384000,0.049562763422727585,-0.08510929346084595,0.09848887473344803,-59.78593444824219
386000,0.049181729555130005,-0.08488158136606216,0.09810059517621994,-59.91131591796875
388000,0.04880879446864128,-0.08465927094221115,0.09772149473428726,-60.035160064697266
390000,0.04843026399612427,-0.08442361652851105,0.09732849895954132,-60.1589241027832
392000,0.048068542033433914,-0.08420827984809875,0.09696193784475327,-60.281009674072266
394000,0.04770519584417343,-0.08398199826478958,0.09658551216125488,-60.40165710449219
396000,0.04734804853796959,-0.08376224339008331,0.09621824324131012,-60.521942138671875
398000,0.04700440540909767,-0.08356169611215591,0.09587477147579193,-60.64174270629883
400000,0.04664412885904312,-0.08332577347755432,0.09549272805452347,-60.76074981689453
402000,0.04629307985305786,-0.08309721946716309,0.09512200951576233,-60.878013610839844
404000,0.045952536165714264,-0.08288304507732391,0.09476938098669052,-60.99485397338867
406000,0.04561527445912361,-0.08266575634479523,0.09441599994897842,-61.10991668701172
408000,0.045273784548044205,-0.08243928849697113,0.09405291825532913,-61.22540283203125
410000,0.04493866115808487,-0.08221642673015594,0.09369643777608871,-61.33942794799805
412000,0.04461550712585449,-0.08200883120298386,0.09335947036743164,-61.45234298706055
414000,0.04428784176707268,-0.08178845793008804,0.09300948679447174,-61.564781188964844
416000,0.04396042227745056,-0.08155928552150726,0.09265223145484924,-61.67534255981445
418000,0.04364525526762009,-0.08134989440441132,0.09231854230165482,-61.78586959838867
420000,0.0433291494846344,-0.08113351464271545,0.09197860211133957,-61.89566421508789
422000,0.04301006346940994,-0.08090435713529587,0.09162630885839462,-62.00415802001953
424000,0.04270632192492485,-0.08070327341556549,0.09130634367465973,-62.113224029541016
426000,0.04239601641893387,-0.08048177510499954,0.09096559137105942,-62.220726013183594
428000,0.04209157079458237,-0.08026503026485443,0.09063208848237991,-62.327144622802734
430000,0.04178415983915329,-0.08004030585289001,0.09029045701026917,-62.433677673339844
432000,0.041490525007247925,-0.07983338087797165,0.08997128903865814,-62.53846740722656
434000,0.04119397699832916,-0.07961708307266235,0.08964275568723679,-62.64289474487305
436000,0.04089878872036934,-0.07939867675304413,0.08931326866149902,-62.74669647216797
438000,0.04061700031161308,-0.07919912785291672,0.08900698274374008,-62.84912872314453
440000,0.04032532125711441,-0.07897932082414627,0.08867843449115753,-62.9520149230957
442000,0.0400429368019104,-0.07877012342214584,0.08836384117603302,-63.053401947021484
444000,0.039764296263456345,-0.07856340706348419,0.08805343508720398,-63.15407180786133
446000,0.039485134184360504,-0.07835168391466141,0.08773860335350037,-63.25428771972656
448000,0.03920459374785423,-0.07813317328691483,0.0874173492193222,-63.35403823852539
450000,0.03892986848950386,-0.07791846990585327,0.08710236847400665,-63.45222473144531
452000,0.03866318613290787,-0.0777171403169632,0.08680320531129837,-63.550296783447266
454000,0.038395922631025314,-0.07750756293535233,0.08649663627147675,-63.64696502685547
456000,0.03812446817755699,-0.0772857666015625,0.0861775204539299,-63.743228912353516
458000,0.037865057587623596,-0.07709012925624847,0.08588743954896927,-63.84069061279297
460000,0.037602681666612625,-0.0768764391541481,0.08558007329702377,-63.93528366088867
462000,0.037341244518756866,-0.07666551321744919,0.08527584373950958,-64.03080749511719
464000,0.03709198534488678,-0.07647093385457993,0.08499188721179962,-64.12443542480469
466000,0.03683594986796379,-0.0762607604265213,0.08469114452600479,-64.21822357177734
468000,0.036582861095666885,-0.07605001330375671,0.08439140766859055,-64.31072235107422
470000,0.036338020116090775,-0.07585622370243073,0.08411075174808502,-64.40380096435547
472000,0.03609083965420723,-0.07564758509397507,0.08381590247154236,-64.49456787109375
474000,0.03584406152367592,-0.07544161379337311,0.08352384716272354,-64.58651733398438
476000,0.035599373281002045,-0.0752335712313652,0.08323103934526443,-64.67719268798828
478000,0.03536555916070938,-0.07504376769065857,0.08295956254005432,-64.76710510253906
480000,0.03512344881892204,-0.07483238726854324,0.08266524970531464,-64.85643768310547
482000,0.03488661348819733,-0.07462791353464127,0.08237961679697037,-64.94512939453125
484000,0.034658756107091904,-0.07444193214178085,0.08211474120616913,-65.03419494628906
486000,0.0344228632748127,-0.0742327868938446,0.08182567358016968,-65.12213134765625
488000,0.03419641777873039,-0.07403561472892761,0.08155161887407303,-65.20818328857422
490000,0.033971093595027924,-0.07384184747934341,0.08128132671117783,-65.29509735107422
492000,0.03374886140227318,-0.07364650070667267,0.08101106435060501,-65.3801498413086
494000,0.033519160002470016,-0.07343479245901108,0.08072299510240555,-65.46576690673828
496000,0.0333021841943264,-0.0732472836971283,0.08046241104602814,-65.5508804321289
498000,0.033084120601415634,-0.07305159419775009,0.08019410818815231,-65.63483428955078
500000,0.03286030516028404,-0.07284318655729294,0.07991201430559158,-65.71937561035156
502000,0.032652538269758224,-0.07266092300415039,0.07966051995754242,-65.80168151855469
504000,0.03244218975305557,-0.07247235625982285,0.0794023871421814,-65.88435363769531
506000,0.032226819545030594,-0.07226958125829697,0.07912939041852951,-65.96670532226562
508000,0.03201688453555107,-0.0720745101571083,0.07886581867933273,-66.04827880859375
510000,0.031813982874155045,-0.07188709080219269,0.07861223071813583,-66.12797546386719
512000,0.03161206841468811,-0.07170049846172333,0.07835996896028519,-66.207763671875
514000,0.031405139714479446,-0.07149819284677505,0.07809144258499146,-66.28681182861328
516000,0.03120584227144718,-0.07131143659353256,0.07784038037061691,-66.36583709716797
518000,0.03100869245827198,-0.07112351059913635,0.0775892585515976,-66.44357299804688
520000,0.030810002237558365,-0.07093507796525955,0.07733719050884247,-66.52272033691406
522000,0.030620573088526726,-0.07075754553079605,0.07709895819425583,-66.59928131103516
524000,0.03042275831103325,-0.07055958360433578,0.07683878391981125,-66.676025390625
526000,0.030231432989239693,-0.07037260383367538,0.07659140229225159,-66.7520751953125
528000,0.030037865042686462,-0.0701785609126091,0.07633677870035172,-66.82807922363281
530000,0.029856979846954346,-0.07000986486673355,0.07611057907342911,-66.9032974243164
532000,0.029665866866707802,-0.0698150172829628,0.07585644721984863,-66.97834014892578
534000,0.029480302706360817,-0.06962985545396805,0.07561352103948593,-67.0528793334961
536000,0.029302271082997322,-0.06945870071649551,0.07538656890392303,-67.12676239013672
538000,0.02911738120019436,-0.06926777213811874,0.07513884454965591,-67.2000732421875
540000,0.028934041038155556,-0.06907728314399719,0.07489225268363953,-67.27290344238281
542000,0.028759131208062172,-0.06890562176704407,0.07466641068458557,-67.3458023071289
544000,0.028583666309714317,-0.06872902810573578,0.07443591207265854,-67.4180908203125
546000,0.028405247256159782,-0.06854064762592316,0.07419352233409882,-67.48945617675781
548000,0.02823483571410179,-0.06836897134780884,0.07396973669528961,-67.56047821044922
550000,0.028058985248208046,-0.06818219274282455,0.07373002916574478,-67.63138580322266
552000,0.02788710780441761,-0.06800197809934616,0.07349802553653717,-67.70182037353516
554000,0.027723098173737526,-0.06783469766378403,0.07328107953071594,-67.77084350585938
556000,0.027552731335163116,-0.06765062361955643,0.07304628938436508,-67.83992004394531
558000,0.02738369256258011,-0.06746738404035568,0.07281287014484406,-67.90872192382812
560000,0.02722395956516266,-0.06730730086565018,0.07260451465845108,-67.9780044555664
562000,0.027059221640229225,-0.06712942570447922,0.07237790524959564,-68.04610443115234
564000,0.026896586641669273,-0.06695086508989334,0.0721515417098999,-68.11288452148438
566000,0.02673698402941227,-0.0667831152677536,0.07193643599748611,-68.1810302734375
568000,0.02657817117869854,-0.06661147624254227,0.07171811163425446,-68.24785614013672
570000,0.026420461013913155,-0.0664362758398056,0.07149699330329895,-68.3132095336914
572000,0.02626357041299343,-0.06626803427934647,0.07128272205591202,-68.38041687011719
574000,0.02610744722187519,-0.06609518080949783,0.07106456160545349,-68.44609069824219
576000,0.025953341275453568,-0.06592109054327011,0.0708460733294487,-68.5102767944336
578000,0.02580339089035988,-0.065761499106884,0.07064269483089447,-68.5760269165039
580000,0.025651870295405388,-0.06558942049741745,0.07042720168828964,-68.63964080810547
582000,0.02550157718360424,-0.06541872769594193,0.07021353393793106,-68.703125
584000,0.025355154648423195,-0.06525765359401703,0.07001032680273056,-68.76689147949219
586000,0.025187276303768158,-0.06508243083953857,0.06978625059127808,-68.84326934814453
588000,0.025043465197086334,-0.06490739434957504,0.06957114487886429,-68.90169525146484
590000,0.024896366521716118,-0.06474851816892624,0.06937001645565033,-68.96781158447266
592000,0.024756958708167076,-0.06458337604999542,0.06916587799787521,-69.02650451660156
594000,0.02461675927042961,-0.06442704051733017,0.06896976381540298,-69.0887680053711
596000,0.02447354421019554,-0.06425707042217255,0.06875991076231003,-69.14969635009766
598000,0.024332188069820404,-0.06409185379743576,0.06855524331331253,-69.21095275878906
600000,0.02419648878276348,-0.06394083052873611,0.0683659240603447,-69.27234649658203
602000,0.024056270718574524,-0.06377072632312775,0.06815724819898605,-69.33198547363281
604000,0.023917384445667267,-0.06360342353582382,0.06795172393321991,-69.39176177978516
606000,0.02378552034497261,-0.06345553696155548,0.06776692718267441,-69.45210266113281
608000,0.023651491850614548,-0.06329520791769028,0.0675697922706604,-69.51081085205078
610000,0.023520315065979958,-0.06314283609390259,0.06738117337226868,-69.5699462890625
612000,0.023389343172311783,-0.06298407912254333,0.06718672066926956,-69.62735748291016
614000,0.023254068568348885,-0.0628187283873558,0.06698466092348099,-69.68658447265625
616000,0.023126428946852684,-0.0626654252409935,0.06679660826921463,-69.74360656738281
618000,0.0229949913918972,-0.06250379979610443,0.06659951061010361,-69.80155181884766
620000,0.022869866341352463,-0.06235639005899429,0.06641799956560135,-69.85894775390625
622000,0.02274565026164055,-0.06220712140202522,0.06623511761426926,-69.91537475585938
624000,0.022617779672145844,-0.0620461143553257,0.0660400241613388,-69.97158813476562
626000,0.022494614124298096,-0.061895713210105896,0.06585656106472015,-70.0274429321289
628000,0.02236810326576233,-0.06173870339989662,0.0656658187508583,-70.08440399169922
630000,0.022250058129429817,-0.06159702688455582,0.0654924288392067,-70.13927459716797
632000,0.022124866023659706,-0.06143466755747795,0.06529723107814789,-70.1941909790039
634000,0.022002369165420532,-0.06128212437033653,0.06511223316192627,-70.25012969970703
636000,0.02188761718571186,-0.061139825731515884,0.06493955850601196,-70.30298614501953
638000,0.021765567362308502,-0.06098248437047005,0.0647503137588501,-70.35774230957031
640000,0.021648572757840157,-0.06083882972598076,0.06457572430372238,-70.41266632080078
642000,0.021531257778406143,-0.06068594381213188,0.06439238041639328,-70.46540832519531
644000,0.021415498107671738,-0.060540325939655304,0.06421646475791931,-70.51930236816406
646000,0.021307261660695076,-0.06041248142719269,0.06405987590551376,-70.57243347167969
648000,0.021189168095588684,-0.06025651469826698,0.0638735368847847,-70.62580108642578
650000,0.02107694186270237,-0.06010973080992699,0.06369785964488983,-70.67723083496094
652000,0.020963329821825027,-0.059964630752801895,0.06352336704730988,-70.73062896728516
654000,0.020853331312537193,-0.05982422083616257,0.06335455179214478,-70.78262329101562
656000,0.020741179585456848,-0.05967205390334129,0.06317397207021713,-70.833251953125
658000,0.020633690059185028,-0.05953636020421982,0.06301053613424301,-70.88506317138672
660000,0.02052317187190056,-0.05938861146569252,0.06283476948738098,-70.93616485595703
662000,0.020414525642991066,-0.059243906289339066,0.0626625344157219,-70.98684692382812
664000,0.02031129226088524,-0.059110917150974274,0.06250319629907608,-71.0365982055664
666000,0.020206402987241745,-0.058972641825675964,0.06233835592865944,-71.08646392822266
668000,0.020099680870771408,-0.058831021189689636,0.062169816344976425,-71.13720703125
670000,0.01999637670814991,-0.058694373816251755,0.06200713664293289,-71.18671417236328
672000,0.019893821328878403,-0.058559712022542953,0.06184661388397217,-71.23641967773438
674000,0.01979067549109459,-0.05841577798128128,0.061677176505327225,-71.28413391113281
676000,0.019690129905939102,-0.058282021433115005,0.06151824817061424,-71.33285522460938
678000,0.019586864858865738,-0.05814402177929878,0.06135448440909386,-71.38296508789062
680000,0.019488338381052017,-0.05801289156079292,0.06119878590106964,-71.43119049072266
682000,0.01938691735267639,-0.05787080153822899,0.06103181838989258,-71.47896575927734
684000,0.019289346411824226,-0.057737331837415695,0.06087428331375122,-71.52613830566406
686000,0.019188910722732544,-0.05759473145008087,0.06070723012089729,-71.57340240478516
688000,0.0190900731831789,-0.057464487850666046,0.0605524405837059,-71.6231689453125
690000,0.018997197970747948,-0.05733723193407059,0.060402415692806244,-71.6687240600586
692000,0.01889733225107193,-0.05719609931111336,0.06023705378174782,-71.71666717529297
694000,0.018805166706442833,-0.05707232281565666,0.06009063497185707,-71.7630844116211
696000,0.01870886981487274,-0.05693591758608818,0.05993096902966499,-71.8097152709961
698000,0.018616488203406334,-0.056811656802892685,0.059784095734357834,-71.85665130615234
700000,0.018519993871450424,-0.05667116120457649,0.059620555490255356,-71.90272521972656
702000,0.018430814146995544,-0.056550294160842896,0.05947798117995262,-71.94822692871094
704000,0.01834099553525448,-0.05642601475119591,0.05933200940489769,-71.99349975585938
706000,0.018247244879603386,-0.056287504732608795,0.059171322733163834,-72.03837585449219
708000,0.0181583222001791,-0.056165073066949844,0.05902745574712753,-72.08383178710938
710000,0.018064502626657486,-0.05602067708969116,0.05886121466755867,-72.12749481201172
712000,0.01797541230916977,-0.05589872971177101,0.05871783196926117,-72.17371368408203
714000,0.017890678718686104,-0.05578232929110527,0.058581091463565826,-72.2177505493164
716000,0.01779910922050476,-0.055644333362579346,0.05842174217104912,-72.26193237304688
718000,0.017712442204356194,-0.05551869422197342,0.05827569216489792,-72.30545806884766
720000,0.017624933272600174,-0.05539407208561897,0.05813038721680641,-72.35029602050781
722000,0.017539918422698975,-0.05527258291840553,0.05798885226249695,-72.3939437866211
724000,0.017453279346227646,-0.05514281615614891,0.05783898010849953,-72.43687438964844
726000,0.017369622364640236,-0.05502118915319443,0.05769779160618782,-72.47962188720703
728000,0.01728728786110878,-0.05490412190556526,0.05756138637661934,-72.52269744873047
730000,0.01719965785741806,-0.05477331206202507,0.057410310953855515,-72.56690979003906
732000,0.017117934301495552,-0.05465095117688179,0.05726910009980202,-72.60823822021484
734000,0.0170391034334898,-0.05453786253929138,0.057137638330459595,-72.6497802734375
736000,0.016954461112618446,-0.0544099435210228,0.05699031427502632,-72.69265747070312
738000,0.016871843487024307,-0.05428529158234596,0.0568467453122139,-72.73477935791016
740000,0.016789814457297325,-0.05416148528456688,0.05670418217778206,-72.77679443359375
742000,0.01671338640153408,-0.054049547761678696,0.05657464638352394,-72.8171615600586
744000,0.016632800921797752,-0.05392861366271973,0.056435320526361465,-72.85905456542969
746000,0.01655287854373455,-0.053807735443115234,0.056296270340681076,-72.90052032470703
748000,0.016476266086101532,-0.053692109882831573,0.056163240224123,-72.94054412841797
750000,0.016396448016166687,-0.053562313318252563,0.056015755981206894,-72.9796371459961
752000,0.01631876267492771,-0.053449440747499466,0.055885106325149536,-73.02191925048828
754000,0.01624385453760624,-0.05333535000681877,0.055754125118255615,-73.06130981445312
756000,0.01616678200662136,-0.05321661755442619,0.05561809986829758,-73.10163116455078
758000,0.01609211601316929,-0.05310511216521263,0.05548972263932228,-73.14192962646484
760000,0.016017166897654533,-0.052991874516010284,0.055359624326229095,-73.18218231201172
762000,0.015941189602017403,-0.05286945775151253,0.055220477283000946,-73.22089385986328
764000,0.015866177156567574,-0.05275499448180199,0.05508925020694733,-73.26121520996094
766000,0.015791120007634163,-0.05263545736670494,0.05495316907763481,-73.3002700805664
768000,0.01571972295641899,-0.052526652812957764,0.054828450083732605,-73.33905792236328
770000,0.015642846003174782,-0.052403006702661514,0.054687969386577606,-73.37908172607422
772000,0.015576045028865337,-0.05230146273970604,0.054571568965911865,-73.41578674316406
774000,0.015503990463912487,-0.0521916002035141,0.05444572493433952,-73.4554672241211
776000,0.015431515872478485,-0.05207308009266853,0.05431148409843445,-73.49314880371094
778000,0.015361598692834377,-0.05196554958820343,0.05418853089213371,-73.53172302246094
780000,0.01528966799378395,-0.0518505796790123,0.05405789986252785,-73.57029724121094
782000,0.015221125446259975,-0.051740359514951706,0.0539328008890152,-73.60701751708984
784000,0.015150797553360462,-0.05162466689944267,0.05380197614431381,-73.64409637451172
786000,0.015082883648574352,-0.05152008682489395,0.05368252098560333,-73.68221282958984
788000,0.01501351036131382,-0.051407426595687866,0.05355491489171982,-73.7195816040039
790000,0.014944719150662422,-0.05129511281847954,0.05342783033847809,-73.75662994384766
792000,0.014877351000905037,-0.05118643119931221,0.053304653614759445,-73.79347229003906
794000,0.014809904620051384,-0.05107329040765762,0.05317719280719757,-73.82923889160156
796000,0.014743267558515072,-0.05096929147839546,0.053058769553899765,-73.8670654296875
798000,0.014676152728497982,-0.050855908542871475,0.05293121188879013,-73.90275573730469
800000,0.014611599035561085,-0.050752904266119,0.05281435698270798,-73.93905639648438
802000,0.014546411111950874,-0.0506470762193203,0.05269463732838631,-73.97532653808594
804000,0.014479739591479301,-0.05053701624274254,0.05257045477628708,-74.0120620727539
806000,0.014416045509278774,-0.050431400537490845,0.052451394498348236,-74.04717254638672
808000,0.014352066442370415,-0.050325747579336166,0.052332233637571335,-74.08273315429688
810000,0.014289426617324352,-0.05022464320063591,0.052217837423086166,-74.11839294433594
812000,0.014224995858967304,-0.05011700466275215,0.052096687257289886,-74.15415954589844
814000,0.014160175807774067,-0.05000780522823334,0.051973942667245865,-74.19003295898438
816000,0.014100232161581516,-0.04991162568330765,0.05186508223414421,-74.22480010986328
818000,0.014036796987056732,-0.049803730100393295,0.051744017750024796,-74.2599105834961
820000,0.013974315486848354,-0.04970109462738037,0.05162828788161278,-74.29576110839844
822000,0.013911496847867966,-0.04959191009402275,0.05150618776679039,-74.33015441894531
824000,0.013851331546902657,-0.04949374869465828,0.05139543488621712,-74.36518096923828
826000,0.01378905400633812,-0.049385424703359604,0.05127434432506561,-74.39956665039062
828000,0.013730039820075035,-0.04928815737366676,0.05116479843854904,-74.43392944335938
830000,0.01367027685046196,-0.04918951168656349,0.051053740084171295,-74.46883392333984
832000,0.013610509224236012,-0.04908522590994835,0.05093726888298988,-74.502197265625
834000,0.013551885262131691,-0.04898635298013687,0.050826333463191986,-74.53609466552734
836000,0.013488453812897205,-0.048874061554670334,0.05070120468735695,-74.57135009765625
838000,0.01343310996890068,-0.04878076910972595,0.050596561282873154,-74.60365295410156
840000,0.013374648988246918,-0.04868181049823761,0.05048564076423645,-74.63780212402344
842000,0.013316326774656773,-0.048579104244709015,0.05037115886807442,-74.67082214355469
844000,0.013259527273476124,-0.04848307743668556,0.05026354268193245,-74.70433044433594
846000,0.013200459070503712,-0.048377301543951035,0.050145942717790604,-74.73754119873047
848000,0.013144412077963352,-0.04828257113695145,0.050039809197187424,-74.77090454101562
850000,0.013086660765111446,-0.048181965947151184,0.04992757365107536,-74.80452728271484
852000,0.013030152767896652,-0.04808354005217552,0.049817781895399094,-74.83757019042969
854000,0.012976388446986675,-0.04799242690205574,0.049715787172317505,-74.86990356445312
856000,0.012918084859848022,-0.04788512736558914,0.04959699884057045,-74.90257263183594
858000,0.012866244651377201,-0.047798361629247665,0.04949973151087761,-74.9343490600586
860000,0.012810123153030872,-0.047694310545921326,0.04938467964529991,-74.9658432006836
862000,0.012757422402501106,-0.04760831966996193,0.04928796738386154,-74.99908447265625
864000,0.012702418491244316,-0.04751270264387131,0.04918137937784195,-75.03215026855469
866000,0.012646793387830257,-0.047408949583768845,0.04906679317355156,-75.06360626220703
868000,0.012593544088304043,-0.04731715843081474,0.04896438494324684,-75.09612274169922
870000,0.012539015151560307,-0.04721812531352043,0.04885466396808624,-75.1280517578125
872000,0.012485790997743607,-0.04712318629026413,0.048749253153800964,-75.15988159179688
874000,0.012435653246939182,-0.047032639384269714,0.0486488938331604,-75.18964385986328
876000,0.012380482628941536,-0.04692954197525978,0.048535123467445374,-75.22148895263672
878000,0.012330328114330769,-0.046839743852615356,0.0484355129301548,-75.25176239013672
880000,0.012276004999876022,-0.04673910140991211,0.04832436144351959,-75.28367614746094
882000,0.012224322184920311,-0.046645380556583405,0.048220593482255936,-75.31477355957031
884000,0.012173335067927837,-0.046556808054447174,0.048121992498636246,-75.34677124023438
886000,0.012121308594942093,-0.0464562252163887,0.04801153019070625,-75.37646484375
888000,0.012072769924998283,-0.0463675931096077,0.04791352152824402,-75.4058837890625
890000,0.012019221670925617,-0.04626907408237457,0.04780469089746475,-75.438232421875
892000,0.011971181258559227,-0.046182163059711456,0.047708507627248764,-75.46783447265625
894000,0.011920521035790443,-0.046090226620435715,0.047606803476810455,-75.49909210205078
896000,0.01187178585678339,-0.04600092023611069,0.04750814661383629,-75.52902221679688
898000,0.011824050918221474,-0.045911066234111786,0.047409217804670334,-75.55774688720703
900000,0.011774430051445961,-0.045823775231838226,0.04731232300400734,-75.5895767211914
902000,0.011724541895091534,-0.045723963528871536,0.04720323905348778,-75.61807250976562
904000,0.01167664397507906,-0.04563983902335167,0.04710986092686653,-75.64908599853516
906000,0.011628801003098488,-0.045546431094408035,0.04700751602649689,-75.6773681640625
908000,0.011581618338823318,-0.04545961320400238,0.046911731362342834,-75.70697021484375
910000,0.011534206569194794,-0.04537304863333702,0.0468161441385746,-75.73704528808594
912000,0.01148698478937149,-0.04528117924928665,0.046715475618839264,-75.76541137695312
914000,0.011440005153417587,-0.04519209265708923,0.04661758616566658,-75.7944564819336
916000,0.011394485831260681,-0.04511072486639023,0.04652753844857216,-75.82421112060547
918000,0.011345039121806622,-0.04501072317361832,0.04641847684979439,-75.85315704345703
920000,0.011300547048449516,-0.04493243247270584,0.04633169248700142,-75.88285064697266
922000,0.011255169287323952,-0.04484701156616211,0.04623778909444809,-75.91156005859375
924000,0.011208662763237953,-0.04475659877061844,0.04613877832889557,-75.94023895263672
926000,0.011164418421685696,-0.04467390105128288,0.04604782164096832,-75.96864318847656
928000,0.011117428541183472,-0.04458070546388626,0.045946016907691956,-75.99732208251953
930000,0.011072983965277672,-0.04450143128633499,0.04585834965109825,-76.02723693847656
932000,0.011031213216483593,-0.04441867396235466,0.04576795920729637,-76.05296325683594
934000,0.010985838249325752,-0.044332657009363174,0.04567354917526245,-76.08219909667969
936000,0.010943281464278698,-0.04424973949790001,0.045582838356494904,-76.10904693603516
938000,0.010900530032813549,-0.044171981513500214,0.045497093349695206,-76.13780212402344
940000,0.010857307352125645,-0.04408392310142517,0.04540124908089638,-76.16413879394531
942000,0.010816060937941074,-0.04400499910116196,0.04531475529074669,-76.19091796875
944000,0.010773560032248497,-0.04392655938863754,0.04522844776511192,-76.219482421875
946000,0.010729292407631874,-0.04383841156959534,0.04513229429721832,-76.24740600585938
948000,0.01068776473402977,-0.04375851899385452,0.045044828206300735,-76.27455139160156
950000,0.01064539048820734,-0.04367384314537048,0.04495251923799515,-76.3014144897461
952000,0.010604082606732845,-0.0435904860496521,0.04486175253987312,-76.32745361328125
954000,0.010563155636191368,-0.043513596057891846,0.04477737098932266,-76.3550796508789
956000,0.01052362471818924,-0.043436355888843536,0.0446929931640625,-76.38097381591797
958000,0.010482264682650566,-0.04335121065378189,0.044600505381822586,-76.4068603515625
960000,0.010441469959914684,-0.04327460378408432,0.044516466557979584,-76.4347152709961
962000,0.010400339961051941,-0.043191611766815186,0.044426143169403076,-76.461181640625
964000,0.0103604756295681,-0.043113335967063904,0.044340722262859344,-76.48758697509766
966000,0.01032054703682661,-0.04303602874279022,0.04425622150301933,-76.51445770263672
968000,0.010280241258442402,-0.04295406863093376,0.04416712746024132,-76.54051208496094
970000,0.01024178322404623,-0.04288111627101898,0.044087234884500504,-76.56704711914062
972000,0.010202951729297638,-0.04280131310224533,0.044000595808029175,-76.59209442138672
974000,0.010162753984332085,-0.04272009804844856,0.04391228407621384,-76.61853790283203
976000,0.010125034488737583,-0.04264325648546219,0.043828804045915604,-76.64325714111328
978000,0.010087533853948116,-0.04256954789161682,0.04374842345714569,-76.66873931884766
980000,0.010048596188426018,-0.04248540475964546,0.0436575748026371,-76.69300842285156
982000,0.01001077238470316,-0.04240734502673149,0.04357290640473366,-76.71778106689453
984000,0.009975031018257141,-0.04233593866229057,0.04349520802497864,-76.74199676513672
986000,0.009936000220477581,-0.04225301742553711,0.043405551463365555,-76.76704406738281
988000,0.009897846728563309,-0.04218205064535141,0.043327733874320984,-76.79467010498047
990000,0.009863032028079033,-0.04211060702800751,0.04325023293495178,-76.81794738769531
992000,0.009825309738516808,-0.042028166353702545,0.04316136613488197,-76.84175109863281
994000,0.00978757068514824,-0.04195071756839752,0.04307736083865166,-76.86717987060547
996000,0.009751738049089909,-0.04187959432601929,0.042999960482120514,-76.89214324951172
998000,0.009713439270853996,-0.041795261204242706,0.04290914535522461,-76.91641235351562
1000000,0.009681900031864643,-0.041727252304553986,0.04283576458692551,-76.93690490722656
1002000,0.009644616395235062,-0.04165349528193474,0.04275549575686455,-76.9632339477539
1004000,0.00960735883563757,-0.04157606512308121,0.04267165809869766,-76.988525390625
1006000,0.009572234004735947,-0.041502974927425385,0.04259254038333893,-77.01242065429688
1008000,0.009538313373923302,-0.04143577069044113,0.04251943901181221,-77.03661346435547
1010000,0.009501462802290916,-0.04135311394929886,0.04243062436580658,-77.06006622314453
1012000,0.009467899799346924,-0.04128517583012581,0.04235689714550972,-77.083740234375
1014000,0.009434549137949944,-0.04121673107147217,0.04228273406624794,-77.1070556640625
1016000,0.00939848180860281,-0.04113568738102913,0.04219569265842438,-77.13023376464844
1018000,0.009364040568470955,-0.04106743261218071,0.042121484875679016,-77.15522766113281
1020000,0.009330912493169308,-0.04099671542644501,0.04204517602920532,-77.17782592773438
1022000,0.009294294752180576,-0.04091598838567734,0.04195833206176758,-77.20211029052734
1024000,0.009263155050575733,-0.04085015133023262,0.04188724234700203,-77.22370147705078
1026000,0.009225944057106972,-0.040768783539533615,0.04179966449737549,-77.248779296875
1028000,0.009195000864565372,-0.040704287588596344,0.04172993451356888,-77.27066802978516
1030000,0.009160898625850677,-0.04063282534480095,0.04165271297097206,-77.29476928710938
1032000,0.009127414785325527,-0.040556229650974274,0.04157063364982605,-77.31656646728516
1034000,0.009093817323446274,-0.04048522561788559,0.041493985801935196,-77.34030151367188
1036000,0.009061174467206001,-0.04041648283600807,0.04141976311802864,-77.36351013183594
1038000,0.009029284119606018,-0.040346525609493256,0.0413445308804512,-77.38542938232422
1040000,0.008997750468552113,-0.0402795784175396,0.04127231240272522,-77.40785217285156
1042000,0.008966869674623013,-0.04020760953426361,0.041195347905159,-77.42794799804688
1044000,0.00893239863216877,-0.040134526789188385,0.041116513311862946,-77.45266723632812
1046000,0.008900216780602932,-0.040065668523311615,0.04104231297969818,-77.47563934326172
1048000,0.008868441917002201,-0.039995938539505005,0.04096736013889313,-77.49787139892578
1050000,0.008835557848215103,-0.03992292657494545,0.0408889576792717,-77.52071380615234
1052000,0.008805622346699238,-0.039861030876636505,0.04082205891609192,-77.54296112060547
1054000,0.008774053305387497,-0.03978792950510979,0.0407438799738884,-77.56413269042969
1056000,0.008743424899876118,-0.03971942141652107,0.040670379996299744,-77.58548736572266
1058000,0.008713973686099052,-0.03965354338288307,0.04059971496462822,-77.60608673095703
1060000,0.00867871381342411,-0.039577510207891464,0.040517888963222504,-77.6317138671875
1062000,0.008651567623019218,-0.03951653838157654,0.040452517569065094,-77.65077209472656
1064000,0.008620860986411572,-0.03945194184780121,0.040382858365774155,-77.6737289428711
1066000,0.008589978329837322,-0.03937874734401703,0.0403047576546669,-77.69441223144531
1068000,0.008560280315577984,-0.03931337222456932,0.040234558284282684,-77.71588134765625
1070000,0.008531645871698856,-0.0392453633248806,0.040162019431591034,-77.73516082763672
1072000,0.008500279858708382,-0.039177969098091125,0.040089499205350876,-77.75850677490234
1074000,0.008471737615764141,-0.039114341139793396,0.040021274238824844,-77.77911376953125
1076000,0.00844135507941246,-0.03904572129249573,0.03994777798652649,-77.8008804321289
1078000,0.008413703180849552,-0.038982193917036057,0.03987984359264374,-77.82041931152344
1080000,0.008385447785258293,-0.03891858458518982,0.03981170803308487,-77.84085083007812
1082000,0.00835574883967638,-0.03884853050112724,0.039736971259117126,-77.86144256591797
1084000,0.008326733484864235,-0.03878340870141983,0.03966720402240753,-77.88263702392578
1086000,0.008299154229462147,-0.03872126340866089,0.03960065916180611,-77.90277862548828
1088000,0.00826895423233509,-0.038651783019304276,0.03952639177441597,-77.92446899414062
1090000,0.00824088416993618,-0.038588717579841614,0.03945885971188545,-77.9451675415039
1092000,0.008214578963816166,-0.03852294757962227,0.03938904404640198,-77.96260833740234
1094000,0.008185028098523617,-0.03845875710248947,0.03932010382413864,-77.98521423339844
1096000,0.008158057928085327,-0.03839462250471115,0.03925175964832306,-78.00423431396484
1098000,0.00812810380011797,-0.03832631930708885,0.03917872905731201,-78.02632141113281
1100000,0.008104153908789158,-0.038268543779850006,0.0391172431409359,-78.04308319091797
1102000,0.00807578768581152,-0.038207072764635086,0.03905123099684715,-78.06511688232422
1104000,0.008047630079090595,-0.03813730925321579,0.03897715359926224,-78.08440399169922
1106000,0.008022090420126915,-0.03807863965630531,0.038914479315280914,-78.10336303710938
1108000,0.007994620129466057,-0.038017094135284424,0.038848597556352615,-78.12429809570312
1110000,0.007966972887516022,-0.037952106446027756,0.03877931088209152,-78.14451599121094
1112000,0.007940628565847874,-0.03788917511701584,0.038712311536073685,-78.16353607177734
1114000,0.007913670502603054,-0.03782499209046364,0.0386439673602581,-78.1831283569336
1116000,0.007887466810643673,-0.037762630730867386,0.03857756033539772,-78.20226287841797
1118000,0.007862300612032413,-0.037705302238464355,0.038516297936439514,-78.22146606445312
1120000,0.007835456170141697,-0.03763952478766441,0.03844643384218216,-78.2406234741211
1122000,0.007808157242834568,-0.03757881745696068,0.038381438702344894,-78.26205444335938
1124000,0.007783073931932449,-0.037518441677093506,0.038317225873470306,-78.28040313720703
1126000,0.0077573335729539394,-0.037454959005117416,0.03824983909726143,-78.29884338378906
1128000,0.007731190416961908,-0.03739336133003235,0.03818422555923462,-78.31851196289062
1130000,0.007704808842390776,-0.03733236342668533,0.03811914846301079,-78.33878326416016
1132000,0.007679730653762817,-0.0372728630900383,0.03805580735206604,-78.35765838623047
1134000,0.0076549118384718895,-0.0372144840657711,0.037993621081113815,-78.37654113769531
1136000,0.007629524450749159,-0.03714805096387863,0.03792344033718109,-78.39389038085938
1138000,0.007604276295751333,-0.03709503263235092,0.03786643221974373,-78.41517639160156
1140000,0.007580181118100882,-0.03703341633081436,0.03780123218894005,-78.43218994140625
1142000,0.007554351817816496,-0.03697095811367035,0.03773486614227295,-78.45159912109375
1144000,0.007529278285801411,-0.036911699920892715,0.03767178952693939,-78.4709243774414
1146000,0.007505015470087528,-0.03685443848371506,0.03761083632707596,-78.48970031738281
1148000,0.00747901713475585,-0.03678734973073006,0.03753990679979324,-78.50814819335938
1150000,0.007455853279680014,-0.03673522174358368,0.037484217435121536,-78.5269775390625
1152000,0.007429393939673901,-0.036672648042440414,0.03741763159632683,-78.54762268066406
1154000,0.007406317163258791,-0.036612242460250854,0.03735384717583656,-78.56391906738281
1156000,0.007383250165730715,-0.03655524551868439,0.03729340806603432,-78.58129119873047
1158000,0.007358023431152105,-0.03648912534117699,0.03722360357642174,-78.59920501708984
1160000,0.0073350160382688046,-0.03643715754151344,0.03716811537742615,-78.61813354492188
1162000,0.007310222368687391,-0.036371421068906784,0.037098780274391174,-78.63563537597656
1164000,0.00728556839749217,-0.03631581366062164,0.03703940659761429,-78.65607452392578
1166000,0.007262794300913811,-0.03626227006316185,0.03698243573307991,-78.67435455322266
1168000,0.007239251863211393,-0.03620166704058647,0.03691839054226875,-78.69170379638672
1170000,0.007215879391878843,-0.03614748269319534,0.03686067461967468,-78.7108154296875
1172000,0.0071920957416296005,-0.03608885034918785,0.03679852560162544,-78.72925567626953
1174000,0.007168730720877647,-0.036029547452926636,0.03673579916357994,-78.74691772460938
1176000,0.007146124728024006,-0.03597583994269371,0.03667871654033661,-78.76519012451172
1178000,0.007123066112399101,-0.03591452166438103,0.036614082753658295,-78.7818832397461
1180000,0.0071001495234668255,-0.03586235269904137,0.03655845299363136,-78.80120849609375
1182000,0.007076481822878122,-0.035807054489851,0.03649961203336716,-78.82078552246094
1184000,0.007054026238620281,-0.035746172070503235,0.036435533314943314,-78.83687591552734
1186000,0.007032280322164297,-0.03569354861974716,0.03637969493865967,-78.85443115234375
1188000,0.007008960470557213,-0.035642582923173904,0.03632518649101257,-78.8749771118164
1190000,0.00698671443387866,-0.03558164834976196,0.03626110777258873,-78.89088439941406
1192000,0.006964826490730047,-0.03552846238017082,0.03620470315217972,-78.90866088867188
1194000,0.006941490340977907,-0.03546547517180443,0.03613840416073799,-78.92575073242188
1196000,0.006919997278600931,-0.03541472181677818,0.03608446568250656,-78.94377136230469
1198000,0.006899296771734953,-0.035363342612981796,0.03603007644414902,-78.96040344238281
1200000,0.006877164822071791,-0.03530589118599892,0.03596945106983185,-78.97748565673828
1202000,0.006855749059468508,-0.03525245189666748,0.035912904888391495,-78.99472045898438
1204000,0.006835046224296093,-0.03520096838474274,0.03585841506719589,-79.01148986816406
1206000,0.006813111715018749,-0.03514562174677849,0.03579990565776825,-79.02906799316406
1208000,0.006792802829295397,-0.035093192011117935,0.035744570195674896,-79.04502868652344
1210000,0.006768352817744017,-0.03503226116299629,0.03568010404706001,-79.06497955322266
1212000,0.00674934359267354,-0.03498320281505585,0.03562832996249199,-79.08003234863281
1214000,0.0067277573980391026,-0.03493136540055275,0.03557334467768669,-79.09835815429688
1216000,0.006705671548843384,-0.034871820360422134,0.035510700196027756,-79.11518096923828
1218000,0.006685898173600435,-0.03481834754347801,0.03545445576310158,-79.13024139404297
1220000,0.006665305234491825,-0.034768637269735336,0.035401757806539536,-79.14779663085938
1222000,0.006643106695264578,-0.03471137210726738,0.03534134104847908,-79.16566467285156
1224000,0.006623813416808844,-0.03466601297259331,0.03529316186904907,-79.18258666992188
1226000,0.006603703368455172,-0.03460482880473137,0.03522929176688194,-79.19603729248047
1228000,0.006583629176020622,-0.03455647453665733,0.03517803177237511,-79.21338653564453
1230000,0.006563493516296148,-0.03450285643339157,0.03512159734964371,-79.22928619384766
1232000,0.006543678697198629,-0.03444753959774971,0.035063549876213074,-79.24420166015625
1234000,0.006524296477437019,-0.034398894757032394,0.035012148320674896,-79.26050567626953
1236000,0.006504272576421499,-0.03434937074780464,0.034959759563207626,-79.27761840820312
1238000,0.006482693366706371,-0.034294575452804565,0.03490190580487251,-79.29569244384766
1240000,0.006466735620051622,-0.034249428659677505,0.03485458344221115,-79.30768585205078
1242000,0.006445274688303471,-0.034190453588962555,0.03479265049099922,-79.32439422607422
1244000,0.006426322739571333,-0.0341433584690094,0.03474286198616028,-79.3407211303711
1246000,0.0064071486704051495,-0.03409169614315033,0.034688547253608704,-79.3560562133789
1248000,0.006388395093381405,-0.03403729200363159,0.03463161736726761,-79.36992645263672
1250000,0.006374815478920937,-0.03398978337645531,0.03458241745829582,-79.37751770019531
1252000,0.0063508073799312115,-0.033943288028240204,0.034532297402620316,-79.40245056152344
1254000,0.006331984419375658,-0.0338895320892334,0.03447599709033966,-79.4167709350586
1256000,0.0063135516829788685,-0.033842165023088455,0.03442605212330818,-79.43244171142578
1258000,0.006293625105172396,-0.03378291428089142,0.03436415269970894,-79.44699096679688
1260000,0.006274926941841841,-0.033737313002347946,0.03431590273976326,-79.46373748779297
1262000,0.006257614586502314,-0.03368895873427391,0.034265197813510895,-79.47740936279297
1264000,0.006237262859940529,-0.033633388578891754,0.03420684486627579,-79.49393463134766
1266000,0.006219720002263784,-0.033587440848350525,0.03415846824645996,-79.50880432128906
1268000,0.006202396471053362,-0.033540379256010056,0.03410904482007027,-79.52302551269531
1270000,0.006190893705934286,-0.03348938748240471,0.034056808799505234,-79.52645874023438
1272000,0.006165844388306141,-0.03343790024518967,0.034001629799604416,-79.55219268798828
1274000,0.006145597901195288,-0.03338771313428879,0.03394860774278641,-79.57044219970703
1276000,0.006129482761025429,-0.0333418995141983,0.033900629729032516,-79.58321380615234
1278000,0.006111749913543463,-0.033296000212430954,0.03385228291153908,-79.59867858886719
1280000,0.006092302035540342,-0.033241041004657745,0.033794716000556946,-79.61428833007812
1282000,0.0060751792043447495,-0.033195946365594864,0.03374727442860603,-79.62908172607422
1284000,0.006056476384401321,-0.03314756602048874,0.03369632363319397,-79.64555358886719
1286000,0.006038116756826639,-0.033092670142650604,0.03363902121782303,-79.65950775146484
1288000,0.006020879838615656,-0.03304867446422577,0.033592645078897476,-79.67495727539062
1290000,0.006004174705594778,-0.033006105571985245,0.0335477739572525,-79.69000244140625
1292000,0.0059853545390069485,-0.03295305743813515,0.03349221497774124,-79.70543670654297
1294000,0.005968574900180101,-0.03290756791830063,0.03344446048140526,-79.71978759765625
1296000,0.005950809456408024,-0.032864347100257874,0.033398762345314026,-79.7365493774414
1298000,0.005932951811701059,-0.032809171825647354,0.033341288566589355,-79.74984741210938
1300000,0.005915644112974405,-0.03276313468813896,0.03329290822148323,-79.76505279541016
1302000,0.00589825538918376,-0.03271990269422531,0.03324727714061737,-79.78131103515625
1304000,0.0058809490874409676,-0.03266813978552818,0.03319326788187027,-79.79485321044922
1306000,0.005863530095666647,-0.032623033970594406,0.03314578905701637,-79.81067657470703
1308000,0.005846492014825344,-0.032575782388448715,0.03309626877307892,-79.82524108886719
1310000,0.0058300127275288105,-0.03252726048231125,0.03304559737443924,-79.8385009765625
1312000,0.005812306422740221,-0.032483987510204315,0.03299988433718681,-79.85550689697266
1314000,0.005794508382678032,-0.032431427389383316,0.03294501453638077,-79.86988067626953
1316000,0.005777033511549234,-0.03238561376929283,0.03289684280753136,-79.88580322265625
1318000,0.005761818960309029,-0.03234579786658287,0.032854970544576645,-79.89972686767578
1320000,0.005744225811213255,-0.03229261562228203,0.032799530774354935,-79.9136962890625
1322000,0.00572802172973752,-0.03224596753716469,0.03275076672434807,-79.92730712890625
1324000,0.005712262820452452,-0.03220083564519882,0.03270357474684715,-79.94066619873047
1326000,0.005694587714970112,-0.03215419873595238,0.032654572278261185,-79.9569091796875
1328000,0.005678976885974407,-0.03210970386862755,0.0326080322265625,-79.97028350830078
1330000,0.005662992596626282,-0.032064586877822876,0.03256082162261009,-79.9841537475586
1332000,0.005646471865475178,-0.03201369568705559,0.03250783681869507,-79.99723052978516
1334000,0.005630131345242262,-0.031969454139471054,0.03246143087744713,-80.01206970214844
1336000,0.005616211798042059,-0.03193045035004616,0.032420605421066284,-80.02433776855469
1338000,0.005601256154477596,-0.03188469260931015,0.03237294405698776,-80.036376953125
1340000,0.005584923550486565,-0.03184074908494949,0.032326839864254,-80.0514144897461
1342000,0.005568900145590305,-0.031797297298908234,0.03228127583861351,-80.06610870361328
1344000,0.005552584771066904,-0.031746309250593185,0.03222823515534401,-80.07903289794922
1346000,0.005538975354284048,-0.03170524165034294,0.03218544274568558,-80.09030151367188
1348000,0.005522454157471657,-0.0316571369767189,0.03213521093130112,-80.10456085205078
1350000,0.005507879424840212,-0.03161619231104851,0.032092370092868805,-80.11763000488281
1352000,0.005493261385709047,-0.03157302737236023,0.032047342509031296,-80.13013458251953
1354000,0.005477429833263159,-0.031527262181043625,0.03199953958392143,-80.14401245117188
1356000,0.005462635774165392,-0.03148672357201576,0.03195706754922867,-80.15770721435547
1358000,0.0054472582414746284,-0.03144211322069168,0.0319104865193367,-80.17121887207031
1360000,0.005432067904621363,-0.03139464184641838,0.03186112269759178,-80.18356323242188
1362000,0.0054180496372282505,-0.031354665756225586,0.03181934356689453,-80.1961669921875
1364000,0.0054033733904361725,-0.03131132572889328,0.031774137169122696,-80.20893859863281
1366000,0.005386520642787218,-0.0312630869448185,0.031723733991384506,-80.22411346435547
1368000,0.005372879095375538,-0.03122412972152233,0.03168302774429321,-80.23646545410156
1370000,0.005359823815524578,-0.031184790655970573,0.031642042100429535,-80.24767303466797
1372000,0.005343800876289606,-0.031134605407714844,0.031589869409799576,-80.26090240478516
1374000,0.005329239182174206,-0.031093763187527657,0.03154715523123741,-80.2744140625
1376000,0.005315310321748257,-0.031054820865392685,0.03150641918182373,-80.28742218017578
1378000,0.005300004500895739,-0.031009497120976448,0.03145916387438774,-80.30097198486328
1380000,0.005285756196826696,-0.030966730788350105,0.03141460940241814,-80.31344604492188
1382000,0.00527113676071167,-0.030923614278435707,0.031369648873806,-80.3265151977539
1384000,0.005257169716060162,-0.0308828167617321,0.031327083706855774,-80.33915710449219
1386000,0.005242404527962208,-0.03084101714193821,0.03128340095281601,-80.35297393798828
1388000,0.00522691011428833,-0.030796483159065247,0.03123690001666546,-80.36730194091797
1390000,0.005213390104472637,-0.03075396455824375,0.03119271993637085,-80.37872314453125
1392000,0.005199159495532513,-0.03071504272520542,0.031151967123150826,-80.3925552368164
1394000,0.0051840003579854965,-0.030670050531625748,0.031105078756809235,-80.40625762939453
1396000,0.005169839598238468,-0.030630266293883324,0.031063491478562355,-80.41978454589844
1398000,0.0051562185399234295,-0.030589422211050987,0.03102094866335392,-80.43203735351562
1400000,0.005142005160450935,-0.030544189736247063,0.03097398579120636,-80.44406127929688
1402000,0.005127122160047293,-0.03050319291651249,0.03093108721077442,-80.45863342285156
1404000,0.005112981423735619,-0.030458582565188408,0.030884750187397003,-80.47078704833984
1406000,0.005099192261695862,-0.03042013756930828,0.03084455616772175,-80.48422241210938
1408000,0.005085675977170467,-0.03038264997303486,0.030805351212620735,-80.49748992919922
1410000,0.005070753861218691,-0.03033437393605709,0.03075527399778366,-80.51006317138672
1412000,0.005057957023382187,-0.030298035591840744,0.03071732260286808,-80.52243041992188
1414000,0.005045353434979916,-0.030259516090154648,0.030677255243062973,-80.53380584716797
1416000,0.0050300550647079945,-0.030216297134757042,0.030632108449935913,-80.5487289428711
1418000,0.005017205607146025,-0.030180610716342926,0.030594797804951668,-80.5615005493164
1420000,0.005004336126148701,-0.03013281710445881,0.030545540153980255,-80.57061004638672
1422000,0.004990393295884132,-0.030096033588051796,0.03050697036087513,-80.58512115478516
1424000,0.004977511242032051,-0.03005707822740078,0.030466435477137566,-80.59703063964844
1426000,0.004963450133800507,-0.030018910765647888,0.03042648360133171,-80.61141967773438
1428000,0.004951263777911663,-0.029978258535265923,0.030384384095668793,-80.62158203125
1430000,0.004937973339110613,-0.02994147315621376,0.03034592792391777,-80.63502502441406
1432000,0.004925034940242767,-0.02990037389099598,0.030303271487355232,-80.64651489257812
1434000,0.004911383148282766,-0.029860269278287888,0.030261483043432236,-80.65967559814453
1436000,0.004899070132523775,-0.02981661818921566,0.030216412618756294,-80.6692886352539
1438000,0.004885606002062559,-0.02977905422449112,0.0301771629601717,-80.68294525146484
1440000,0.004874061327427626,-0.029740912839770317,0.03013765625655651,-80.69286346435547
1442000,0.004860778339207172,-0.029694562777876854,0.030089767649769783,-80.70355224609375
1444000,0.0048479195684194565,-0.029661698266863823,0.03005526214838028,-80.71762084960938
1446000,0.004836217034608126,-0.02962118573486805,0.030013391748070717,-80.7271957397461
1448000,0.0048239100724458694,-0.029583724215626717,0.02997443825006485,-80.7388687133789
1450000,0.0048118713311851025,-0.02954687364399433,0.029936129227280617,-80.75025939941406
1452000,0.004798405803740025,-0.02950425259768963,0.02989189885556698,-80.76260375976562
1454000,0.00478573702275753,-0.029466627165675163,0.02985272742807865,-80.77501678466797
1456000,0.004774340428411961,-0.02943127416074276,0.029816007241606712,-80.78573608398438
1458000,0.004760975483804941,-0.02938646823167801,0.029769638553261757,-80.79732513427734
1460000,0.004750079475343227,-0.029351431876420975,0.029733311384916306,-80.8072509765625
1462000,0.0047376723960042,-0.029312703758478165,0.02969309873878956,-80.8189468383789
1464000,0.0047253938391804695,-0.02927294932305813,0.02965189330279827,-80.83011627197266
1466000,0.004714109003543854,-0.02923777885735035,0.029615378007292747,-80.84082794189453
1468000,0.004701398313045502,-0.02919624373316765,0.029572350904345512,-80.85232543945312
1470000,0.004690990783274174,-0.02916371263563633,0.029538579285144806,-80.86222076416016
1472000,0.0046780952252447605,-0.029121043160557747,0.029494402930140495,-80.87379455566406
1474000,0.00466554518789053,-0.02908577024936676,0.029457585886120796,-80.88700866699219
1476000,0.0046541630290448666,-0.029047532007098198,0.02941802702844143,-80.89710235595703
1478000,0.00464188028126955,-0.02900843881070614,0.02937748283147812,-80.90869903564453
1480000,0.004631271120160818,-0.028976034373044968,0.02934381179511547,-80.91915893554688
1482000,0.004618226550519466,-0.028934791684150696,0.029301026836037636,-80.93161010742188
1484000,0.004606702830642462,-0.02889976091682911,0.02926461771130562,-80.94308471679688
1486000,0.004595631267875433,-0.02886381186544895,0.029227374121546745,-80.95343017578125
1488000,0.004582422319799662,-0.028821812942624092,0.029183821752667427,-80.966064453125
1490000,0.004572214558720589,-0.028788520023226738,0.029149338603019714,-80.9756088256836
1492000,0.004560275003314018,-0.028752293437719345,0.02911168895661831,-80.98763275146484
1494000,0.004547624383121729,-0.02871294878423214,0.02907085046172142,-81.00010681152344
1496000,0.004537120461463928,-0.02867593988776207,0.02903265319764614,-81.00916290283203
1498000,0.004524542484432459,-0.02863641083240509,0.028991645202040672,-81.0215072631836
1500000,0.004512378945946693,-0.028602715581655502,0.028956465423107147,-81.03487396240234
1502000,0.00450213672593236,-0.028569066897034645,0.02892163209617138,-81.04452514648438
1504000,0.00448991172015667,-0.028528425842523575,0.02887958474457264,-81.0559310913086
1506000,0.004479240160435438,-0.028494542464613914,0.028844455257058144,-81.06641387939453
1508000,0.004467003978788853,-0.028456401079893112,0.028804875910282135,-81.07867431640625
1510000,0.004455754533410072,-0.028423495590686798,0.028770623728632927,-81.09063720703125
1512000,0.004444690886884928,-0.02838733047246933,0.028733182698488235,-81.10126495361328
1514000,0.0044320737943053246,-0.028345251455903053,0.028689658269286156,-81.11316680908203
1516000,0.004421997349709272,-0.028317319229245186,0.028660506010055542,-81.12444305419922
1518000,0.004410301800817251,-0.0282782930880785,0.028620144352316856,-81.1355209350586
1520000,0.004399640951305628,-0.028244411572813988,0.028585024178028107,-81.14616394042969
1522000,0.004388464614748955,-0.028210947290062904,0.02855023927986622,-81.15798950195312
1524000,0.004377654287964106,-0.0281736571341753,0.028511730954051018,-81.16793823242188
1526000,0.004365625791251659,-0.028139347210526466,0.028475981205701828,-81.18125915527344
1528000,0.004354037810117006,-0.028101008385419846,0.028436319902539253,-81.1924819946289
1530000,0.004343398846685886,-0.02806924469769001,0.028403304517269135,-81.2038803100586
1532000,0.004333540331572294,-0.028037501499056816,0.02837042510509491,-81.21375274658203
1534000,0.004321474116295576,-0.027996884658932686,0.028328444808721542,-81.22532653808594
1536000,0.004311709199100733,-0.027966318652033806,0.02829674445092678,-81.23542785644531
1538000,0.004301711451262236,-0.027931392192840576,0.02826070599257946,-81.24466705322266
1540000,0.004290406592190266,-0.027892937883734703,0.028220977634191513,-81.2554702758789
1542000,0.004280132241547108,-0.027860788628458977,0.028187638148665428,-81.26617431640625
1544000,0.004268954508006573,-0.02782469429075718,0.028150267899036407,-81.27750396728516
1546000,0.004259074106812477,-0.027794497087597847,0.02811892144382,-81.28807067871094
1548000,0.0042479089461266994,-0.02775982767343521,0.028082961216568947,-81.29987335205078
1550000,0.004237968474626541,-0.02772442251443863,0.028046460822224617,-81.30900573730469
1552000,0.004227110650390387,-0.027688749134540558,0.028009556233882904,-81.3199462890625
1554000,0.004217173904180527,-0.027658021077513695,0.027977682650089264,-81.33055877685547
1556000,0.004206111654639244,-0.027618765830993652,0.027937205508351326,-81.34085083007812
1558000,0.004196627531200647,-0.027590131387114525,0.0279074739664793,-81.35124969482422
1560000,0.0041856588795781136,-0.027554495260119438,0.02787059359252453,-81.36253356933594
1562000,0.004176418762654066,-0.027523772791028023,0.027838831767439842,-81.37183380126953
1564000,0.004166381433606148,-0.02749277837574482,0.027806682512164116,-81.38269805908203
1566000,0.004156322218477726,-0.02745344489812851,0.027766287326812744,-81.39105987548828
1568000,0.004146485589444637,-0.0274222269654274,0.027733948081731796,-81.40150451660156
1570000,0.0041358014568686485,-0.027384653687477112,0.027695199474692345,-81.41173553466797
1572000,0.004124990664422512,-0.02735433541238308,0.02766360715031624,-81.42449188232422
1574000,0.004115794785320759,-0.027322592213749886,0.027630848810076714,-81.43353271484375
1576000,0.004105567932128906,-0.027285853400826454,0.02759299799799919,-81.44317626953125
1578000,0.004096813499927521,-0.0272564385086298,0.02756260707974434,-81.45206451416016
1580000,0.004086785018444061,-0.02722419984638691,0.027529235929250717,-81.46273040771484
1582000,0.004076645243912935,-0.027188990265130997,0.027492912486195564,-81.47274017333984
1584000,0.004065759014338255,-0.027155322954058647,0.027458002790808678,-81.48479461669922
1586000,0.004056081175804138,-0.027118930593132973,0.027420582249760628,-81.49352264404297
1588000,0.004045550245791674,-0.027089035138487816,0.027389459311962128,-81.50606536865234
1590000,0.0040376391261816025,-0.02705916203558445,0.02735874243080616,-81.51321411132812
1592000,0.00402729632332921,-0.02702445536851883,0.027322888374328613,-81.52391815185547
1594000,0.004018530715256929,-0.026995893567800522,0.02729334868490696,-81.53328704833984
1596000,0.00400716345757246,-0.02695881389081478,0.027255002409219742,-81.54544067382812
1598000,0.003998153377324343,-0.02692565508186817,0.02722087688744068,-81.55393981933594
1600000,0.003987448755651712,-0.026892345398664474,0.027186354622244835,-81.5659408569336
1602000,0.003978469874709845,-0.026861386373639107,0.027154413983225822,-81.57510375976562
1604000,0.003969484940171242,-0.02683330327272415,0.027125319465994835,-81.58518981933594
1606000,0.003959168680012226,-0.02679511345922947,0.027086028829216957,-81.59495544433594
1608000,0.003950809594243765,-0.02676854282617569,0.027058523148298264,-81.60423278808594
1610000,0.003941739443689585,-0.026736311614513397,0.027025315910577774,-81.61328125
1612000,0.003931780345737934,-0.02670305222272873,0.02699096128344536,-81.6239013671875
1614000,0.003922156523913145,-0.026673737913370132,0.02696055732667446,-81.63505554199219
1616000,0.003912751562893391,-0.026638608425855637,0.026924433186650276,-81.64398193359375
1618000,0.0039031964261084795,-0.02660488337278366,0.026889678090810776,-81.6536865234375
1620000,0.003895950736477971,-0.02658086083829403,0.026864856481552124,-81.66153717041016
1622000,0.003885476617142558,-0.026546500623226166,0.026829341426491737,-81.67302703857422
1624000,0.0038762588519603014,-0.026516802608966827,0.02679862454533577,-81.68333435058594
1626000,0.003866329090669751,-0.02648244798183441,0.026763195171952248,-81.69373321533203
1628000,0.0038592368364334106,-0.02645631693303585,0.026736311614513397,-81.70067596435547
1630000,0.0038503401447087526,-0.026426637545228004,0.026705661788582802,-81.71037292480469
1632000,0.0038402683567255735,-0.026391660794615746,0.026669597253203392,-81.720947265625
1634000,0.0038320233579725027,-0.026361942291259766,0.026639001443982124,-81.72929382324219
1636000,0.003821708494797349,-0.02632891945540905,0.02660483866930008,-81.74105072021484
1638000,0.0038141589611768723,-0.026295971125364304,0.02657114900648594,-81.7469482421875
1640000,0.0038050443399697542,-0.026268796995282173,0.026542946696281433,-81.75800323486328
1642000,0.003796427045017481,-0.026237277314066887,0.02651051990687847,-81.76667022705078
1644000,0.003789222100749612,-0.026210922747850418,0.026483403518795967,-81.77393341064453
1646000,0.0037788921035826206,-0.026178525760769844,0.026449862867593765,-81.78604125976562
1648000,0.003771045710891485,-0.02614688314497471,0.026417424902319908,-81.79307556152344
1650000,0.0037624062970280647,-0.02612130530178547,0.02639087662100792,-81.8037109375
1652000,0.0037539685145020485,-0.026087816804647446,0.02635652758181095,-81.81149291992188
1654000,0.0037458257284015417,-0.026059452444314957,0.026327291503548622,-81.82023620605469
1656000,0.00373604497872293,-0.02602781355381012,0.026294583454728127,-81.83152770996094
1658000,0.0037278488744050264,-0.025998471304774284,0.0262643750756979,-81.84013366699219
1660000,0.0037194977048784494,-0.025965580716729164,0.02623063325881958,-81.84799194335938
1662000,0.003711136756464839,-0.02593935653567314,0.026203487068414688,-81.85795593261719
1664000,0.003702770918607712,-0.02590608410537243,0.026169367134571075,-81.86576843261719
1666000,0.0036936255637556314,-0.025878887623548508,0.026141149923205376,-81.8771743774414
1668000,0.0036861549597233534,-0.02584795281291008,0.026109470054507256,-81.8838119506836
1670000,0.003677674103528261,-0.02581680752336979,0.02607744000852108,-81.8926010131836
1672000,0.0036698298063129187,-0.025788182392716408,0.026047995314002037,-81.90080261230469
1674000,0.0036605873610824347,-0.02575843594968319,0.026017243042588234,-81.9117202758789
1676000,0.003653906984254718,-0.025729868561029434,0.02598802000284195,-81.91744995117188
1678000,0.0036436410155147314,-0.025700224563479424,0.025957226753234863,-81.93067932128906
1680000,0.0036360661033540964,-0.02567042037844658,0.025926655158400536,-81.9380111694336
1682000,0.0036295494064688683,-0.02564077079296112,0.025896385312080383,-81.9430923461914
1684000,0.003620195435360074,-0.025613190606236458,0.02586776576936245,-81.95503997802734
1686000,0.00361210317350924,-0.025582993403077126,0.025836734101176262,-81.96343994140625
1688000,0.0036033180076628923,-0.025551864877343178,0.025804681703448296,-81.97308349609375
1690000,0.0035961053799837828,-0.025525299832224846,0.02577737160027027,-81.980712890625
1692000,0.003587821265682578,-0.025493085384368896,0.02574431709945202,-81.98896789550781
1694000,0.0035801164340227842,-0.025467365980148315,0.025717774406075478,-81.99798583984375
1696000,0.00357250589877367,-0.02543524093925953,0.025684904307127,-82.00481414794922
1698000,0.0035646494943648577,-0.025408469140529633,0.025657299906015396,-82.01387786865234
1700000,0.0035555812064558268,-0.025378143414855003,0.025626009330153465,-82.0245361328125
1702000,0.0035478591453284025,-0.025348523631691933,0.02559560351073742,-82.03245544433594
1704000,0.0035389491822570562,-0.025319375097751617,0.025565501302480698,-82.04318237304688
1706000,0.003531928174197674,-0.025289641693234444,0.025535084307193756,-82.0495376586914
1708000,0.003523819847032428,-0.02526109106838703,0.025505686178803444,-82.05870819091797
1710000,0.0035161583218723536,-0.025234906002879143,0.02547869272530079,-82.06763458251953
1712000,0.0035090253222733736,-0.025208253413438797,0.025451311841607094,-82.07526397705078
1714000,0.0035010380670428276,-0.025179162621498108,0.025421397760510445,-82.08405303955078
1716000,0.0034942026250064373,-0.025151746347546577,0.025393301621079445,-82.09081268310547
1718000,0.0034845760092139244,-0.025120509788393974,0.025361038744449615,-82.10264587402344
1720000,0.003478430211544037,-0.025094004347920418,0.025333940982818604,-82.1081771850586
1722000,0.003469352377578616,-0.02506234310567379,0.025301331654191017,-82.11869049072266
1724000,0.003462565829977393,-0.0250391885638237,0.02527746744453907,-82.1267318725586
1726000,0.003454448888078332,-0.025006406009197235,0.025243882089853287,-82.1347885131836
1728000,0.003447189461439848,-0.024982444941997528,0.025219151750206947,-82.1436767578125
1730000,0.003439543768763542,-0.024951759725809097,0.025187712162733078,-82.1513671875
1732000,0.0034316456876695156,-0.024925826117396355,0.02516094036400318,-82.16111755371094
1734000,0.0034247091971337795,-0.024896347895264626,0.02513079345226288,-82.16761779785156
1736000,0.0034177815541625023,-0.02487085945904255,0.025104599073529243,-82.17535400390625
1738000,0.0034092285204678774,-0.02484065480530262,0.02507350966334343,-82.18531799316406
1740000,0.0034019306767731905,-0.02481253817677498,0.02504466287791729,-82.193115234375
1742000,0.0033937531989067793,-0.024784430861473083,0.025015706196427345,-82.20291900634766
1744000,0.003386386903002858,-0.02475827746093273,0.024988794699311256,-82.21151733398438
1746000,0.0033790485467761755,-0.02472691982984543,0.024956732988357544,-82.21846008300781
1748000,0.0033715071622282267,-0.02470409870147705,0.02493310160934925,-82.22853088378906
1750000,0.0033639513421803713,-0.024676313623785973,0.02490454912185669,-82.23710632324219
1752000,0.003357276786118746,-0.024650370702147484,0.024877943098545074,-82.24427032470703
1754000,0.003349103732034564,-0.024618327617645264,0.024845091626048088,-82.25297546386719
1756000,0.003341938368976116,-0.02459469623863697,0.024820709601044655,-82.26200866699219
1758000,0.0033338074572384357,-0.02456626668572426,0.024791443720459938,-82.27178192138672
1760000,0.003327437909319997,-0.024541189894080162,0.02476573921740055,-82.2785873413086
1762000,0.003319250186905265,-0.024510804563760757,0.024734530597925186,-82.28792572021484
1764000,0.0033124748151749372,-0.0244846623390913,0.024707714095711708,-82.29535675048828
1766000,0.003304220736026764,-0.024455327540636063,0.024677539244294167,-82.30522155761719
1768000,0.0032980700489133596,-0.024431483820080757,0.024653086438775063,-82.31195831298828
1770000,0.003289592918008566,-0.02440059557557106,0.02462134137749672,-82.3218994140625
1772000,0.003283068770542741,-0.024375900626182556,0.024595996364951134,-82.32927703857422
1774000,0.0032753036357462406,-0.02434675209224224,0.024566074833273888,-82.33815002441406
1776000,0.003268428612500429,-0.024321068078279495,0.024539701640605927,-82.34606170654297
1778000,0.003262102836742997,-0.024292008951306343,0.024510057643055916,-82.35166931152344
1780000,0.0032538878731429577,-0.02426813915371895,0.024485308676958084,-82.36328887939453
1782000,0.003248001914471388,-0.024241337552666664,0.024457963183522224,-82.36860656738281
1784000,0.003239962039515376,-0.024216728284955025,0.024432504549622536,-82.37963104248047
1786000,0.0032337757293134928,-0.024188419803977013,0.02440362609922886,-82.38521575927734
1788000,0.003227567533031106,-0.024166684597730637,0.024381261318922043,-82.39289855957031
1790000,0.003220044542104006,-0.02413495071232319,0.02434881031513214,-82.40056610107422
1792000,0.003214338095858693,-0.02411157451570034,0.02432488277554512,-82.40660858154297
1794000,0.0032075131312012672,-0.024080844596028328,0.02429352141916752,-82.4129867553711
1796000,0.0032014669850468636,-0.024058591574430466,0.024270664900541306,-82.42019653320312
1798000,0.00319326831959188,-0.024032890796661377,0.02424410916864872,-82.43138885498047
1800000,0.0031872086692601442,-0.024008985608816147,0.024219613522291183,-82.43815612792969
1802000,0.0031820808071643114,-0.02398168295621872,0.024191875010728836,-82.44168853759766
1804000,0.0031738458201289177,-0.02395809069275856,0.02416740357875824,-82.45368194580078
1806000,0.003168333787471056,-0.023929733783006668,0.024138567969202995,-82.45780944824219
1808000,0.0031621356029063463,-0.02390807867050171,0.024116287007927895,-82.46566009521484
1810000,0.0031557483598589897,-0.02388022281229496,0.024087833240628242,-82.47203063964844
1812000,0.003150178585201502,-0.02385285310447216,0.024059969931840897,-82.47663879394531
1814000,0.0031430760864168406,-0.023826997727155685,0.024033410474658012,-82.48535919189453
1816000,0.00313719199039042,-0.023803044110536575,0.024008892476558685,-82.49180603027344
1818000,0.0031303982250392437,-0.023774972185492516,0.023980172351002693,-82.49913024902344
1820000,0.003124444279819727,-0.023752694949507713,0.023957308381795883,-82.50630187988281
1822000,0.003119011176750064,-0.023728232830762863,0.02393234707415104,-82.51155090332031
1824000,0.003112416947260499,-0.023702798411250114,0.023906270042061806,-82.51927947998047
1826000,0.0031054203864187002,-0.02367444708943367,0.023877251893281937,-82.52706909179688
1828000,0.003099474823102355,-0.023651860654354095,0.023854084312915802,-82.53417205810547
1830000,0.003093244042247534,-0.023625778034329414,0.023827411234378815,-82.54087829589844
1832000,0.003086898010224104,-0.023598916828632355,0.023799953982234,-82.5476303100586
1834000,0.0030801945831626654,-0.02357468195259571,0.02377505414187908,-82.55607604980469
1836000,0.0030734140891581774,-0.023549150675535202,0.023748861625790596,-82.56431579589844
1838000,0.0030673278961330652,-0.023528026416897774,0.02372712641954422,-82.57228088378906
1840000,0.0030608803499490023,-0.02349996380507946,0.023698465898633003,-82.57897186279297
1842000,0.00305382814258337,-0.02347722090780735,0.02367500215768814,-82.58879089355469
1844000,0.0030467594042420387,-0.0234498530626297,0.023646952584385872,-82.59722137451172
1846000,0.003041280899196863,-0.023425191640853882,0.02362179197371006,-82.60269165039062
1848000,0.003034536261111498,-0.023398110643029213,0.023594066500663757,-82.61046600341797
1850000,0.0030290952417999506,-0.02337707206606865,0.02357250638306141,-82.61699676513672
1852000,0.003021501237526536,-0.023349646478891373,0.02354433201253414,-82.62675476074219
1854000,0.003014968940988183,-0.02332753688097,0.02352156676352024,-82.6356201171875
1856000,0.0030092664528638124,-0.023302175104618073,0.02349567972123623,-82.64148712158203
1858000,0.0030024873558431864,-0.023276858031749725,0.023469706997275352,-82.64998626708984
1860000,0.00299637857824564,-0.023253941908478737,0.02344619669020176,-82.65763092041016
1862000,0.0029901505913585424,-0.023226482793688774,0.023418165743350983,-82.66415405273438
1864000,0.0029842902440577745,-0.023205116391181946,0.02339622564613819,-82.67170715332031
1866000,0.002977052703499794,-0.023180581629276276,0.02337096817791462,-82.68163299560547
1868000,0.002970984671264887,-0.023156488314270973,0.023346299305558205,-82.6888656616211
1870000,0.0029654507525265217,-0.023130130022764206,0.02331945300102234,-82.6941146850586
1872000,0.0029580642003566027,-0.023108448833227158,0.023297008126974106,-82.70535278320312
1874000,0.0029521265532821417,-0.023082345724105835,0.023270361125469208,-82.71170043945312
1876000,0.0029462561942636967,-0.02306259050965309,0.023250021040439606,-82.71986389160156
1878000,0.0029399616178125143,-0.023035334423184395,0.023222189396619797,-82.72675323486328
1880000,0.0029338852036744356,-0.023007260635495186,0.023193571716547012,-82.73285675048828
1882000,0.0029264073818922043,-0.022986099123954773,0.02317163348197937,-82.74458312988281
1884000,0.002921577775850892,-0.022959597408771515,0.023144735023379326,-82.74815368652344
1886000,0.002915778663009405,-0.022941965609788895,0.0231265127658844,-82.75689697265625
1888000,0.002909486647695303,-0.02291300520300865,0.02309698984026909,-82.7633285522461
1890000,0.0029030884616076946,-0.022893019020557404,0.023076357319951057,-82.7728271484375
1892000,0.0028977193869650364,-0.022868510335683823,0.023051368072628975,-82.77840423583984
1894000,0.002891332609578967,-0.02284572459757328,0.02302796021103859,-82.78704833984375
1896000,0.0028844824992120266,-0.022822735831141472,0.02300429344177246,-82.7967758178711
1898000,0.0028795390389859676,-0.0227969978004694,0.02297813817858696,-82.80096435546875
1900000,0.002873077290132642,-0.022777561098337173,0.022958047688007355,-82.81088256835938
1902000,0.0028666735161095858,-0.02275124564766884,0.022931138053536415,-82.81853485107422
1904000,0.0028613186441361904,-0.022729527205228806,0.022908920422196388,-82.82502746582031
1906000,0.002855712315067649,-0.022702660411596298,0.022881561890244484,-82.83055114746094
1908000,0.0028492454439401627,-0.02268010936677456,0.022858381271362305,-82.83958435058594
1910000,0.0028434437699615955,-0.02265961840748787,0.022837325930595398,-82.84761810302734
1912000,0.0028375268448144197,-0.022634921595454216,0.02281208522617817,-82.8546371459961
1914000,0.0028326837345957756,-0.022614184767007828,0.022790906950831413,-82.8602294921875
1916000,0.002827196381986141,-0.02258938178420067,0.022765614092350006,-82.86618041992188
1918000,0.002821141853928566,-0.022569580003619194,0.022745216265320778,-82.87511444091797
1920000,0.002815673826262355,-0.02254524640738964,0.02272038906812668,-82.88118743896484
1922000,0.002809487283229828,-0.022523611783981323,0.022698156535625458,-82.8899154663086
1924000,0.002804970135912299,-0.02250165119767189,0.022675804793834686,-82.89437866210938
1926000,0.002798474160954356,-0.02248072624206543,0.02265423722565174,-82.90412902832031
1928000,0.002793458756059408,-0.0224553681910038,0.022628454491496086,-82.90880584716797
1930000,0.0027877571992576122,-0.02243269793689251,0.022605253383517265,-82.91604614257812
1932000,0.0027817832306027412,-0.022411921992897987,0.02258390188217163,-82.92459106445312
1934000,0.002776595763862133,-0.02238999679684639,0.022561505436897278,-82.9308090209961
1936000,0.0027705079410225153,-0.022367049008607864,0.02253798209130764,-82.93898010253906
1938000,0.0027656799647957087,-0.022346096113324165,0.02251659333705902,-82.94461822509766
1940000,0.0027606231160461903,-0.02232491225004196,0.022494947537779808,-82.9507827758789
1942000,0.0027549227233976126,-0.022303152829408646,0.022472653537988663,-82.9583969116211
1944000,0.002749532461166382,-0.022277185693383217,0.022446222603321075,-82.96392059326172
1946000,0.002744413912296295,-0.022259360179305077,0.022427905350923538,-82.97132873535156
1948000,0.0027407186571508646,-0.02223396673798561,0.02240224927663803,-82.9727554321289
1950000,0.0027347730938345194,-0.02221655286848545,0.022384239360690117,-82.9823989868164
1952000,0.0027284559328109026,-0.0221901573240757,0.022357270121574402,-82.99020385742188
1954000,0.00272357277572155,-0.022166620939970016,0.022333316504955292,-82.99526977539062
1956000,0.0027177364099770784,-0.022145092487335205,0.02231123484671116,-83.00340270996094
1958000,0.0027131992392241955,-0.02212299406528473,0.022288748994469643,-83.00806427001953
1960000,0.0027065968606621027,-0.022101372480392456,0.022266484797000885,-83.01815032958984
1962000,0.002702821046113968,-0.02207985520362854,0.022244669497013092,-83.02107238769531
1964000,0.0026974198408424854,-0.022059747949242592,0.022224053740501404,-83.02859497070312
1966000,0.0026925024576485157,-0.02203853242099285,0.022202396765351295,-83.0345458984375
1968000,0.002686799503862858,-0.022013958543539047,0.02217731438577175,-83.04147338867188
1970000,0.00268240156583488,-0.02199460007250309,0.022157564759254456,-83.04669189453125
1972000,0.002677435288205743,-0.021970175206661224,0.022132720798254013,-83.05179595947266
1974000,0.0026714589912444353,-0.02195151150226593,0.02211347036063671,-83.06131744384766
1976000,0.002666800981387496,-0.021927572786808014,0.022089146077632904,-83.06581115722656
1978000,0.002662421902641654,-0.021906757727265358,0.022067951038479805,-83.07057189941406
1980000,0.0026577140670269728,-0.02188621461391449,0.02204699069261551,-83.07627868652344
1982000,0.002652371535077691,-0.021862870082259178,0.022023171186447144,-83.082763671875
1984000,0.002647588960826397,-0.02184271812438965,0.02200259082019329,-83.08879852294922
1986000,0.00264185294508934,-0.021818796172738075,0.02197815291583538,-83.09613800048828
1988000,0.0026378673501312733,-0.021796049550175667,0.0219550933688879,-83.09932708740234
1990000,0.0026320137549191713,-0.021776089444756508,0.021934574469923973,-83.1082534790039
1992000,0.0026272512041032314,-0.02175241708755493,0.021910501644015312,-83.1131820678711
1994000,0.002622751286253333,-0.021735521033406258,0.02189318835735321,-83.11957550048828
1996000,0.0026177193503826857,-0.02171247825026512,0.021869709715247154,-83.12542724609375
1998000,0.0026120615657418966,-0.021691173315048218,0.021847881376743317,-83.13347625732422
