Barrido en frecuencia -> f_inicial:200, f_final:200000, f_step:200
Parametros -> N: 2048, Fuente: 1, F_dac:199791.975319 
Formato -> f,r,phi

200.000000000000,43.634135385666,88.806161926289
400.000000000000,87.064808242473,88.072770402301
600.000000000000,130.449748497877,87.329089480849
800.000000000000,173.678228399184,86.589017721214
1000.000000000000,216.894590482261,85.844059081772
1200.000000000000,259.796846422941,85.111054149695
1400.000000000000,302.615168803680,84.372965159683
1600.000000000000,345.137378140694,83.641733526178
1800.000000000000,387.529301678157,82.910271536282
2000.000000000000,429.581304924325,82.183905365651
2200.000000000000,471.506577320082,81.459482886387
2400.000000000000,513.081036906529,80.739442112383
2600.000000000000,554.480777220459,80.013627793751
2800.000000000000,595.503101288311,79.308428007069
3000.000000000000,636.293812651694,78.597366580450
3200.000000000000,676.687411262269,77.883262681786
3400.000000000000,716.791114957329,77.190204650816
3600.000000000000,756.499727967153,76.493638768448
3800.000000000000,795.950993589381,75.800655001662
4000.000000000000,834.942965824542,75.112632842484
4200.000000000000,873.624295020126,74.428807176808
4400.000000000000,911.820008154029,73.750800520400
4600.000000000000,949.711532171716,73.077538746422
4800.000000000000,987.118315740969,72.410270897498
5000.000000000000,1024.209092362180,71.746832286316
5200.000000000000,1060.776578138280,71.090504345221
5400.000000000000,1096.966536335218,70.439276390167
5600.000000000000,1132.774848474838,69.792551931934
5800.000000000000,1167.990286828873,69.152985819409
6000.000000000000,1202.836506163429,68.518126181719
6200.000000000000,1237.107676825305,67.890316876603
6400.000000000000,1271.003832038473,67.266942295654
6600.000000000000,1304.378784510192,66.650935392478
6800.000000000000,1337.342942743735,66.039753613363
7000.000000000000,1369.763526349850,65.436070471852
7200.000000000000,1401.752913040593,64.837337166102
7400.000000000000,1433.186094818479,64.245868307452
7600.000000000000,1464.235978842209,63.659535341961
7800.000000000000,1494.730668684090,63.080700589010
8000.000000000000,1524.827110630913,62.506719172566
8200.000000000000,1554.398101393382,61.940624816985
8400.000000000000,1583.553119071392,61.379856526921
8600.000000000000,1612.155086651443,60.826453190320
8800.000000000000,1640.379769025526,60.277132300195
9000.000000000000,1668.099145109475,59.736093294149
9200.000000000000,1695.407844243851,59.200116509431
9400.000000000000,1722.165818881953,58.671040242223
9600.000000000000,1748.489493586530,58.147546010637
9800.000000000000,1774.426348646307,57.630777314692
10000.000000000000,1799.932793859164,57.119195766485
10200.000000000000,1824.975386047691,56.614497192929
10400.000000000000,1849.503031559830,56.116601941142
10600.000000000000,1873.698185478658,55.624342801709
10800.000000000000,1897.422496003212,55.106618206716
11000.000000000000,1920.790614586588,54.656170058156
11200.000000000000,1943.695429628314,54.181222712336
11400.000000000000,1966.246155706394,53.711671812023
11600.000000000000,1988.363492157659,53.249020975277
11800.000000000000,2010.117755787925,52.757448931354
12000.000000000000,2031.413727520144,52.340140964072
12200.000000000000,2052.375097139374,51.893688134370
12400.000000000000,2072.872414394234,51.453835471066
12600.000000000000,2093.088055382123,51.018472288539
12800.000000000000,2112.831027882740,50.589341083998
13000.000000000000,2132.337368637268,50.165019517571
13200.000000000000,2151.439728615976,49.746553722591
13400.000000000000,2170.200490884158,49.332747169935
13600.000000000000,2188.563619356260,48.925205235474
13800.000000000000,2206.639892026647,48.521749892605
14000.000000000000,2224.360778300458,48.124869749162
14200.000000000000,2241.796603540419,47.732105251405
14400.000000000000,2258.892057141583,47.344198847967
14600.000000000000,2275.665547935489,46.960920345713
14800.000000000000,2292.086110036743,46.583331207777
15000.000000000000,2308.254204304610,46.209347538387
15200.000000000000,2324.005887977364,45.843109749667
15400.000000000000,2339.603557329811,45.478634082855
15600.000000000000,2354.751849390016,45.120827502236
15800.000000000000,2369.841663267479,44.765188828051
16000.000000000000,2384.540163780563,44.414735869859
16200.000000000000,2398.960869609245,44.070020397205
16400.000000000000,2413.123911249251,43.728363271444
16600.000000000000,2426.984418508021,43.391718419804
16800.000000000000,2440.621132994785,43.061432644140
17000.000000000000,2454.027479794389,42.731324771139
17200.000000000000,2467.189113134596,42.407754015959
17400.000000000000,2480.107163257243,42.085886105565
17600.000000000000,2492.721531937104,41.770727983118
17800.000000000000,2505.174280356343,41.458032566343
18000.000000000000,2517.467935516444,41.149767124704
18200.000000000000,2529.422411363912,40.845351578011
18400.000000000000,2541.165304198954,40.544544954340
18600.000000000000,2552.695372981839,40.197255017877
18800.000000000000,2564.053650490257,39.954027386594
19000.000000000000,2575.252564149355,39.664062999428
19200.000000000000,2586.147748923491,39.379161291975
19400.000000000000,2596.860956327851,39.041132024514
19600.000000000000,2607.432230805127,38.817023079535
19800.000000000000,2617.814696603125,38.540817204469
20000.000000000000,2628.019997015252,38.268292229684
20200.000000000000,2637.991666204809,37.999732176100
20400.000000000000,2647.811741307987,37.734813220115
20600.000000000000,2657.436941707093,37.475049863016
20800.000000000000,2666.894937454790,37.214189947249
21000.000000000000,2676.219006895157,36.956734676002
21200.000000000000,2685.383517447257,36.706460968852
21400.000000000000,2694.398353093713,36.453019835001
21600.000000000000,2703.249894224624,36.205730055022
21800.000000000000,2711.943398078644,35.962092959466
22000.000000000000,2720.463020929365,35.720088194509
22200.000000000000,2728.839926395059,35.482928679177
22400.000000000000,2737.079719166783,35.246830331406
22600.000000000000,2745.183807158530,35.014924852116
22800.000000000000,2753.270332450818,34.787068594363
23000.000000000000,2761.019927432335,34.557816999941
23200.000000000000,2768.754824102311,34.331865123460
23400.000000000000,2776.496701492185,34.110736647597
23600.000000000000,2783.790551842483,33.891439132430
23800.000000000000,2791.099586811309,33.673323850229
24000.000000000000,2798.292549795554,33.459016793812
24200.000000000000,2805.406083678675,33.246620401157
24400.000000000000,2812.357819947820,33.038004409266
24600.000000000000,2819.213741872421,32.828902869320
24800.000000000000,2825.998841492196,32.624816758157
25000.000000000000,2832.633566903635,32.420143703286
25200.000000000000,2839.332768223442,32.220291722429
25400.000000000000,2845.698890276201,32.022648164751
25600.000000000000,2851.863894502253,31.825648194618
25800.000000000000,2858.148829056203,31.628497725237
26000.000000000000,2864.386138637154,31.435787101840
26200.000000000000,2870.182265386212,31.248756062148
26400.000000000000,2876.145050573932,31.058127696718
26600.000000000000,2881.976348487800,30.871780463654
26800.000000000000,2887.700564318609,30.687825371651
27000.000000000000,2893.357771286705,30.508519766270
27200.000000000000,2898.896127310492,30.326152936724
27400.000000000000,2904.336560175847,30.148631732829
27600.000000000000,2909.744574300890,29.971902359218
27800.000000000000,2915.053891377185,29.800500466684
28000.000000000000,2920.388628298224,29.621429037992
28200.000000000000,2925.297991350729,29.455106326870
28400.000000000000,2930.422028180931,29.285297756043
28600.000000000000,2935.486467305649,29.117501971794
28800.000000000000,2940.294466381808,28.950597798056
29000.000000000000,2945.063745069114,28.787426517956
29200.000000000000,2949.932371008209,28.629438039714
29400.000000000000,2954.607886623670,28.468021481386
29600.000000000000,2959.292525845584,28.309639132118
29800.000000000000,2963.794411831189,28.152681316389
30000.000000000000,2968.249726236887,27.997758206019
30200.000000000000,2972.656944009284,27.842989166969
30400.000000000000,2977.075652919485,27.687711281559
30600.000000000000,2981.263623595419,27.539444281054
30800.000000000000,2985.455340782610,27.389026491196
31000.000000000000,2989.734078881709,27.234347359525
31200.000000000000,2993.732728346980,27.094595681766
31400.000000000000,2997.793729648289,26.949865476209
31600.000000000000,3001.788180804399,26.713440518456
31800.000000000000,3005.687316474179,26.656161035680
32000.000000000000,3009.489978206278,26.520652392809
32200.000000000000,3013.356565803484,26.380423610057
32400.000000000000,3017.083481255170,26.243961673040
32600.000000000000,3020.830759186413,26.107428817547
32800.000000000000,3024.445037898640,25.970865198648
33000.000000000000,3028.031108533237,25.836849009873
33200.000000000000,3031.523258045097,25.703899071583
33400.000000000000,3034.991880110726,25.572750273545
33600.000000000000,3038.394936937560,25.441643492501
33800.000000000000,3041.782069924532,25.312458106907
34000.000000000000,3045.101965474334,25.185261784529
34200.000000000000,3048.341816521018,25.055857362925
34400.000000000000,3051.523827853164,24.930324893738
34600.000000000000,3054.838547824322,24.808022435782
34800.000000000000,3057.984971918329,24.685286960779
35000.000000000000,3061.081730278466,24.563399495769
35200.000000000000,3064.060289014206,24.439384704821
35400.000000000000,3067.168849271539,24.321322404065
35600.000000000000,3070.153644855459,24.204222464545
35800.000000000000,3073.054659374815,24.086220519958
36000.000000000000,3075.965233123863,23.969253706767
36200.000000000000,3078.790101499909,23.853991568755
36400.000000000000,3081.619403217729,23.741056200688
36600.000000000000,3084.431797281753,23.627724547109
36800.000000000000,3087.156877356126,23.514054143345
37000.000000000000,3089.838025215422,23.402924802885
37200.000000000000,3092.536043740518,23.293109288642
37400.000000000000,3095.194101714087,23.184008808925
37600.000000000000,3097.794439895917,23.074625536800
37800.000000000000,3100.275514877439,22.859412323428
38000.000000000000,3102.836788491517,22.860514904216
38200.000000000000,3105.453441553189,22.756202221979
38400.000000000000,3107.895791451732,22.652591946297
38600.000000000000,3110.269065519086,22.548319880587
38800.000000000000,3112.659547982108,22.444333450651
39000.000000000000,3115.036740131666,22.342969238638
39200.000000000000,3117.477327868432,22.242718692975
39400.000000000000,3119.753682751667,22.142210693009
39600.000000000000,3122.045607351768,22.043036752836
39800.000000000000,3124.277984965984,21.945257867810
40000.000000000000,3126.514500466115,21.847659351562
40200.000000000000,3128.738141756122,21.751226171964
40400.000000000000,3130.981888382167,21.655498160032
40600.000000000000,3133.108802846046,21.559733242602
40800.000000000000,3135.206206911834,21.466192207026
41000.000000000000,3137.317346839212,21.372220592307
41200.000000000000,3139.391829176655,21.280157080958
41400.000000000000,3141.349020092540,21.190291034514
41600.000000000000,3143.423897376038,21.099704749075
41800.000000000000,3145.428330313514,21.006049738892
42000.000000000000,3147.310976099976,20.916438411065
42200.000000000000,3149.335615750324,20.828200135446
42400.000000000000,3151.233916950472,20.739300211385
42600.000000000000,3153.119700943135,20.651667081274
42800.000000000000,3155.068685888013,20.564860747627
43000.000000000000,3156.814430428768,20.478526130862
43200.000000000000,3158.693482456620,20.393455355233
43400.000000000000,3160.547978701507,20.308335124063
43600.000000000000,3162.372027619002,20.224827410626
43800.000000000000,3164.128881563241,20.140848221312
44000.000000000000,3165.849325572055,20.059162277653
44200.000000000000,3167.638172485420,19.976941247285
44400.000000000000,3169.344527378570,19.895627892648
44600.000000000000,3171.001473809667,19.814334505551
44800.000000000000,3172.687683273188,19.734575491302
45000.000000000000,3174.319782753324,19.654962223161
45200.000000000000,3175.978660412842,19.576463234300
45400.000000000000,3177.518635191257,19.497712318053
45600.000000000000,3179.141565178627,19.420095211011
45800.000000000000,3180.755865108511,19.343122550181
46000.000000000000,3182.323698790120,19.266370738038
46200.000000000000,3183.847619691418,19.190752347582
46400.000000000000,3185.363403687326,19.114911898128
46600.000000000000,3186.834971706523,19.040848256221
46800.000000000000,3188.367961509836,18.966035505810
47000.000000000000,3189.874011506946,18.892691899417
47200.000000000000,3191.313187360428,18.819444275987
47400.000000000000,3192.807372820182,18.746794774100
47600.000000000000,3194.192857064298,18.674953698799
47800.000000000000,3195.598524976092,18.603179615890
48000.000000000000,3197.065589233190,18.532857163894
48200.000000000000,3198.422261621588,18.462327741920
48400.000000000000,3199.731776643704,18.392054659471
48600.000000000000,3201.121505487485,18.322913997070
48800.000000000000,3202.432782679923,18.253328362910
49000.000000000000,3203.778563318554,18.185338335660
49200.000000000000,3205.085878351254,18.117626597801
49400.000000000000,3206.354295525051,18.050724912441
49600.000000000000,3207.637406879498,17.983460799219
49800.000000000000,3208.919038183242,17.917007211673
50000.000000000000,3210.180524879860,17.851215924314
50200.000000000000,3211.485421433830,17.785736686258
50400.000000000000,3212.637789200797,17.720528862489
50600.000000000000,3213.813952937304,17.655607685509
50800.000000000000,3214.991211410488,17.591395468022
51000.000000000000,3216.172410754180,17.528265664613
51200.000000000000,3217.340441839130,17.464828969084
51400.000000000000,3218.490059436066,17.401947570400
51600.000000000000,3219.633777505820,17.339694907628
51800.000000000000,3220.828073350910,17.277846426009
52000.000000000000,3221.981142608395,17.216856711426
52200.000000000000,3223.035111415309,17.155634261285
52400.000000000000,3224.165758694133,17.095175096520
52600.000000000000,3225.294788417017,17.034462128576
52800.000000000000,3226.323896935861,16.974465300832
53000.000000000000,3227.407113935817,16.915302140021
53200.000000000000,3228.465115490033,16.856474104147
53400.000000000000,3229.507038307329,16.797676316977
53600.000000000000,3230.570036991455,16.739880989733
53800.000000000000,3231.569941520906,16.681075597673
54000.000000000000,3232.637571663482,16.624682738976
54200.000000000000,3233.614774634506,16.566983737317
54400.000000000000,3234.652854945595,16.510775220222
54600.000000000000,3235.625398320690,16.454265509799
54800.000000000000,3236.627149383298,16.398798771047
55000.000000000000,3237.573907981714,16.342969484230
55200.000000000000,3238.542854886168,16.287311379876
55400.000000000000,3239.520259741551,16.073159627105
55600.000000000000,3240.487816378174,16.177732072549
55800.000000000000,3241.407748166392,16.124408759753
56000.000000000000,3242.291100688294,16.070490719194
56200.000000000000,3243.217426002377,16.017030149437
56400.000000000000,3244.140185129715,15.963891159447
56600.000000000000,3245.028124812273,15.911310961552
56800.000000000000,3245.918778680435,15.858617117428
57000.000000000000,3246.770049061433,15.806578901798
57200.000000000000,3247.729643479871,15.754859710441
57400.000000000000,3248.604999256767,15.703913497667
57600.000000000000,3249.408500346318,15.652577868746
57800.000000000000,3250.319357076302,15.601888061226
58000.000000000000,3251.137983745406,15.551536987892
58200.000000000000,3251.947187726073,15.501530663981
58400.000000000000,3252.795232241652,15.451442571148
58600.000000000000,3253.604673234272,15.402575351779
58800.000000000000,3254.419695678037,15.353288054492
59000.000000000000,3255.198005448904,15.304849113709
59200.000000000000,3256.002647603044,15.255796076902
59400.000000000000,3256.799795863674,15.208144638111
59600.000000000000,3257.595246037189,15.159903461062
59800.000000000000,3258.365973892841,15.112127140281
60000.000000000000,3259.108765842234,14.892313874587
60200.000000000000,3259.865073923313,14.844945788149
60400.000000000000,3260.616351973027,14.971183947702
60600.000000000000,3261.414266576345,14.924407207274
60800.000000000000,3262.153320568774,14.878322255057
61000.000000000000,3262.903878567734,14.832158584288
61200.000000000000,3263.605543794672,14.786771557113
61400.000000000000,3264.333828609005,14.741380427221
61600.000000000000,3265.036596978457,14.696331408682
61800.000000000000,3265.765015795589,14.651678530012
62000.000000000000,3266.437083059709,14.428584435507
62200.000000000000,3267.160652799792,14.562664869906
62400.000000000000,3267.919133243643,14.519266505296
62600.000000000000,3268.591323657497,14.474896600244
62800.000000000000,3269.228101180307,14.431818157534
63000.000000000000,3269.915112225495,14.388433114500
63200.000000000000,3270.550805298597,14.345198965027
63400.000000000000,3271.234673531480,14.302922310272
63600.000000000000,3271.896793790120,14.260463410304
63800.000000000000,3272.530076331358,14.034606101553
64000.000000000000,3273.213226998158,14.176161499006
64200.000000000000,3273.818985160337,14.134372246337
64400.000000000000,3274.423424448819,14.092930505319
64600.000000000000,3275.009404986028,13.865661849207
64800.000000000000,3275.671104640284,13.823960742192
65000.000000000000,3276.298900167937,13.970046884483
65200.000000000000,3276.893375262327,13.929198013093
65400.000000000000,3277.487211096181,13.888481763235
65600.000000000000,3278.096152086388,13.849048413021
65800.000000000000,3278.700451538618,13.808859027744
66000.000000000000,3279.268455928392,13.768947334521
66200.000000000000,3279.869155909521,13.730473131123
66400.000000000000,3280.448588683767,13.690644588513
66600.000000000000,3281.023993266720,13.652291451070
66800.000000000000,3281.597514428878,13.613408445697
67000.000000000000,3282.117596871312,13.574515876161
67200.000000000000,3282.678286829247,13.536140241063
67400.000000000000,3283.274526254898,13.497965097801
67600.000000000000,3283.769472690394,13.265346405235
67800.000000000000,3284.353546605816,13.422290031172
68000.000000000000,3284.916813915815,13.384873018287
68200.000000000000,3285.452943088210,13.347930310726
68400.000000000000,3285.970444592320,13.311221419229
68600.000000000000,3286.526294358109,13.274161477571
68800.000000000000,3287.055057728467,13.237362403614
69000.000000000000,3287.601377091451,13.200881587632
69200.000000000000,3288.061693366776,13.164508183116
69400.000000000000,3288.610522292356,13.128815713353
69600.000000000000,3289.149095952544,13.092990378885
69800.000000000000,3289.603850674216,13.057357081520
70000.000000000000,3290.119930980172,13.021833033243
70200.000000000000,3290.613102745280,12.986200193252
70400.000000000000,3291.121290987299,12.951245691544
70600.000000000000,3291.575032431046,12.916387156623
70800.000000000000,3292.020726830622,12.881527835933
71000.000000000000,3292.545293457592,12.847030459394
71200.000000000000,3293.012829188962,12.812515516251
71400.000000000000,3293.495767390408,12.778750884205
71600.000000000000,3293.939097106484,12.744736768989
71800.000000000000,3294.398397018353,12.710682177011
72000.000000000000,3294.844851277950,12.677034735528
72200.000000000000,3295.310578904861,12.643550712566
72400.000000000000,3295.771655820617,12.610203160550
72600.000000000000,3296.230106677923,12.576974725101
72800.000000000000,3296.695686359504,12.544307463177
73000.000000000000,3297.200248168985,12.511430122524
73200.000000000000,3297.668788887588,12.478685578284
73400.000000000000,3298.065922674423,12.234611476226
73600.000000000000,3298.547185127230,12.413530365331
73800.000000000000,3298.961987730358,12.169194738838
74000.000000000000,3299.388612460071,12.349808950197
74200.000000000000,3299.830033608143,12.317998724271
74400.000000000000,3300.261331144484,12.286670104313
74600.000000000000,3300.682746604308,12.255356976007
74800.000000000000,3301.086616465017,12.223636110692
75000.000000000000,3301.493362805823,12.192479234422
75200.000000000000,3301.916442784162,12.161941342892
75400.000000000000,3302.313963192504,12.130822193049
75600.000000000000,3302.714929408858,12.100115919551
75800.000000000000,3303.144479318630,12.069603309105
76000.000000000000,3303.550508144649,12.038756744378
76200.000000000000,3303.892594535057,11.789376202195
76400.000000000000,3304.332914837163,11.978805984637
76600.000000000000,3304.663428886729,11.949016297408
76800.000000000000,3305.074131634580,11.919390211406
77000.000000000000,3305.518293504980,11.889283704139
77200.000000000000,3305.878870380600,11.860254576809
77400.000000000000,3306.254250321043,11.830725498607
77600.000000000000,3306.623979842440,11.801535904088
77800.000000000000,3306.997899662039,11.772285385441
78000.000000000000,3307.380732186481,11.743175317687
78200.000000000000,3307.734529631763,11.714526158088
78400.000000000000,3308.134944209314,11.686600692786
78600.000000000000,3308.490422267593,11.657469446274
78800.000000000000,3308.855922466837,11.629445521265
79000.000000000000,3309.214888055183,11.601111016318
79200.000000000000,3309.566601159226,11.573143004919
79400.000000000000,3309.921006850332,11.545191153810
79600.000000000000,3310.262463150586,11.516920844066
79800.000000000000,3310.574932878846,11.489538248155
80000.000000000000,3310.903305928200,11.461646681716
80200.000000000000,3311.325292268041,11.434638807808
80400.000000000000,3311.706468800346,11.407452105653
80600.000000000000,3312.004948411753,11.380244938364
80800.000000000000,3312.295054269449,11.353396879013
81000.000000000000,3312.684756148386,11.326371587847
81200.000000000000,3312.977601204607,11.299185303359
81400.000000000000,3313.369324856803,11.038741371144
81600.000000000000,3313.652563359158,11.246088124558
81800.000000000000,3313.962622514208,11.220126879817
82000.000000000000,3314.271534687532,11.193748619990
82200.000000000000,3314.539004409843,11.167000803267
82400.000000000000,3314.926328765973,11.141169878089
82600.000000000000,3315.258089146533,11.115672948590
82800.000000000000,3315.538290596913,10.851862647079
83000.000000000000,3315.902302335574,11.064008970776
83200.000000000000,3316.215443767145,11.038828232785
83400.000000000000,3316.555274000443,11.013108450153
83600.000000000000,3316.845366989792,10.987647449664
83800.000000000000,3317.129176415656,10.962371797751
84000.000000000000,3317.397969005376,10.937468801796
84200.000000000000,3317.741134880650,10.912308936688
84400.000000000000,3318.032715394251,10.887893540893
84600.000000000000,3318.319858792505,10.862953539755
84800.000000000000,3318.654501880093,10.838190317701
85000.000000000000,3318.940587544778,10.814125975468
85200.000000000000,3319.235414931154,10.789583907293
85400.000000000000,3319.497555517476,10.765471499794
85600.000000000000,3319.836678847676,10.741198372747
85800.000000000000,3320.119484294792,10.716944970816
86000.000000000000,3320.319562950038,10.692845373987
86200.000000000000,3320.602082747356,10.669071083248
86400.000000000000,3320.920619023476,10.645036827949
86600.000000000000,3321.246452762073,10.621756003020
86800.000000000000,3321.465563709822,10.598274922175
87000.000000000000,3321.771156162936,10.574938226798
87200.000000000000,3322.054181083291,10.551364236250
87400.000000000000,3322.356891784510,10.528438978060
87600.000000000000,3322.530480105176,10.505115322718
87800.000000000000,3322.820282593143,10.482139211586
88000.000000000000,3323.104288445523,10.459351584082
88200.000000000000,3323.365920944305,10.436221048685
88400.000000000000,3323.654527049925,10.413470210002
88600.000000000000,3323.888344453926,10.390750070207
88800.000000000000,3324.221778920301,10.112417300018
89000.000000000000,3324.448321808451,10.345698217490
89200.000000000000,3324.700561796096,10.323526148737
89400.000000000000,3324.937838546792,10.301354842317
89600.000000000000,3325.177995265752,10.279187397415
89800.000000000000,3325.461385634280,9.998496108931
90000.000000000000,3325.678803859078,10.235135457714
90200.000000000000,3325.945923557793,10.213292961584
90400.000000000000,3326.163891835702,10.191543479687
90600.000000000000,3326.402847643857,10.169942331272
90800.000000000000,3326.698555848152,10.148455648025
91000.000000000000,3326.976250828518,10.126830255643
91200.000000000000,3327.163932945145,10.105268739105
91400.000000000000,3327.402508424939,10.084001593800
91600.000000000000,3327.611594804950,10.063212351855
91800.000000000000,3327.908408784879,10.041575955494
92000.000000000000,3328.125043234076,10.020756786660
92200.000000000000,3328.412674437046,9.999737785614
92400.000000000000,3328.638392734244,9.978823358352
92600.000000000000,3328.851329112995,9.957830167354
92800.000000000000,3329.066355585979,9.937272339612
93000.000000000000,3329.330628797587,9.916453717916
93200.000000000000,3329.527485163938,9.896131916526
93400.000000000000,3329.794618543780,9.875721355935
93600.000000000000,3329.979493237049,9.855502511750
93800.000000000000,3330.215826254721,9.834940979337
94000.000000000000,3330.427384019151,9.814613207502
94200.000000000000,3330.616445829252,9.794416792116
94400.000000000000,3330.781893619927,9.774720839446
94600.000000000000,3331.019229128206,9.754748437678
94800.000000000000,3331.253812147555,9.734793460287
95000.000000000000,3331.496008279354,9.715413234266
95200.000000000000,3331.718130753775,9.695352848428
95400.000000000000,3331.941444050199,9.400567768606
95600.000000000000,3332.163002241010,9.656382027204
95800.000000000000,3332.386829027585,9.636700788983
96000.000000000000,3332.578956299898,9.617011613596
96200.000000000000,3332.792441666207,9.597784932121
96400.000000000000,3333.007897699273,9.578120801177
96600.000000000000,3333.191143085272,9.559031719366
96800.000000000000,3333.396976086709,9.540392458727
97000.000000000000,3333.556801413717,9.521498868952
97200.000000000000,3333.783903926410,9.502300106024
97400.000000000000,3333.944577119990,9.483588572636
97600.000000000000,3334.150941479420,9.464690137523
97800.000000000000,3334.370908134829,9.446267861905
98000.000000000000,3334.586431939917,9.427537831523
98200.000000000000,3334.811792444826,9.408603372195
98400.000000000000,3334.904798567072,9.390317469891
98600.000000000000,3335.151704049299,9.087658181417
98800.000000000000,3335.349042536853,9.353594663100
99000.000000000000,3335.548714547492,9.335087425696
99200.000000000000,3335.733135891300,9.316916748574
99400.000000000000,3335.925726143285,9.298623891687
99600.000000000000,3336.065604524388,9.281409102401
99800.000000000000,3336.279208485300,9.262809168090
100000.000000000000,3336.456834759868,9.244248575203
100200.000000000000,3336.665548557713,9.227128680794
100400.000000000000,3336.867735255906,9.209266476331
100600.000000000000,3336.992274993396,9.191420601478
100800.000000000000,3337.167795792077,9.173453198613
101000.000000000000,3337.419531532292,9.156073525412
101200.000000000000,3337.586223703878,9.138453021981
101400.000000000000,3337.779498057933,9.121178407799
101600.000000000000,3337.931655115778,9.103666074783
101800.000000000000,3338.141079765165,9.086652428226
102000.000000000000,3338.282987339532,9.069324745084
102200.000000000000,3338.475173369000,9.051994255051
102400.000000000000,3338.634910380924,9.034959438272
102600.000000000000,3338.838655513153,9.017755310532
102800.000000000000,3338.977820205037,9.000968006552
103000.000000000000,3339.137245367507,8.983976303914
103200.000000000000,3339.338273135003,8.670085542953
103400.000000000000,3339.514913716291,8.950566059304
103600.000000000000,3339.660897114710,8.933874709098
103800.000000000000,3339.809773823996,8.917182750662
104000.000000000000,3339.975982540123,8.900725945429
104200.000000000000,3340.187069481366,8.884172556712
104400.000000000000,3340.309086126596,8.867470594627
104600.000000000000,3340.476982324471,8.851426777792
104800.000000000000,3340.716140820920,8.835171239787
105000.000000000000,3340.853932119858,8.516172339098
105200.000000000000,3341.002335960885,8.802258869497
105400.000000000000,3341.142617455664,8.786468278704
105600.000000000000,3341.323561781673,8.770111256625
105800.000000000000,3341.444917576976,8.754092420027
106000.000000000000,3341.649152625799,8.738365296110
106200.000000000000,3341.901004626786,8.722499980580
106400.000000000000,3341.972012384045,8.706721426374
106600.000000000000,3342.103441540597,8.690518688506
106800.000000000000,3342.269699116346,8.675090754592
107000.000000000000,3342.406238966261,8.659469467195
107200.000000000000,3342.614790519483,8.643777443528
107400.000000000000,3342.706129341716,8.628221281843
107600.000000000000,3342.844287127805,8.612988413753
107800.000000000000,3343.038321100779,8.597493546589
108000.000000000000,3343.161750495997,8.582147697616
108200.000000000000,3343.329840632648,8.566720428605
108400.000000000000,3343.448026091567,8.239387035303
108600.000000000000,3343.723748867441,8.536421460629
108800.000000000000,3343.783121817756,8.521103661034
109000.000000000000,3343.953602758606,8.506180224988
109200.000000000000,3344.156228095504,8.490935461167
109400.000000000000,3344.243744411057,8.475838159751
109600.000000000000,3344.411516075285,8.461040607061
109800.000000000000,3344.537616976861,8.445966811602
110000.000000000000,3344.690998488796,8.431394230101
110200.000000000000,3344.816936225480,8.416244427188
110400.000000000000,3344.951839494294,8.401665057542
110600.000000000000,3345.105871197564,8.387167755210
110800.000000000000,3345.222057581866,8.372714745674
111000.000000000000,3345.404318264752,8.357958893966
111200.000000000000,3345.497542327336,8.343414273969
111400.000000000000,3345.624442190385,8.328860036979
111600.000000000000,3345.869452979145,8.314378517285
111800.000000000000,3345.954798342291,7.977763452959
112000.000000000000,3346.015950973837,8.286244238563
112200.000000000000,3346.111808287512,8.271506273482
112400.000000000000,3346.220320074205,8.257180701262
112600.000000000000,3346.411823453173,8.243086335882
112800.000000000000,3346.593660348643,8.228884837460
113000.000000000000,3346.747254208703,8.214538311844
113200.000000000000,3346.899261949520,8.200826956918
113400.000000000000,3346.980547887535,8.186286928384
113600.000000000000,3347.148939123199,8.172785878406
113800.000000000000,3347.290683171556,8.158613053642
114000.000000000000,3347.408777847507,8.144945092763
114200.000000000000,3347.610619526172,8.130952098683
114400.000000000000,3347.702516594897,8.117493452799
114600.000000000000,3347.740819161997,8.102890699789
114800.000000000000,3347.966683878412,7.759378966154
115000.000000000000,3348.098537431136,8.076196158562
115200.000000000000,3348.230148943921,8.062526620411
115400.000000000000,3348.305390536011,8.048927537494
115600.000000000000,3348.441867568457,8.035718690415
115800.000000000000,3348.570849580511,8.022267851631
116000.000000000000,3348.691564294675,8.008863577730
116200.000000000000,3348.810043105323,7.995503115334
116400.000000000000,3348.953456351873,7.982154967204
116600.000000000000,3349.071303822559,7.632588708557
116800.000000000000,3349.208923265160,7.955622219246
117000.000000000000,3349.353404554211,7.942653488157
117200.000000000000,3349.497561623334,7.929398636315
117400.000000000000,3349.611215057609,7.916345394777
117600.000000000000,3349.695531291182,7.903108472355
117800.000000000000,3349.905997706373,7.890312696779
118000.000000000000,3350.039745836212,7.877022634501
118200.000000000000,3350.098784017232,7.864362974839
118400.000000000000,3350.237728568158,7.851454009776
118600.000000000000,3350.348158217949,7.838545746662
118800.000000000000,3350.517523930156,7.825699513573
119000.000000000000,3350.594557040106,7.812879047596
119200.000000000000,3350.658757782904,7.799959803113
119400.000000000000,3350.771952168909,7.787502221490
119600.000000000000,3350.918689393504,7.774773158522
119800.000000000000,3350.992235357563,7.762066659879
120000.000000000000,3351.098148549127,7.749426653160
120200.000000000000,3351.372048693917,7.737128785418
120400.000000000000,3351.330634794809,7.724387692532
120600.000000000000,3351.409907421014,7.711909143077
120800.000000000000,3351.567563843007,7.700008544145
121000.000000000000,3351.650851507000,7.687237092128
121200.000000000000,3351.744676685269,7.675220130103
121400.000000000000,3351.871786142659,7.662527529713
121600.000000000000,3351.981397435555,7.650429039582
121800.000000000000,3352.094480467947,7.638120453612
122000.000000000000,3352.284270511248,7.625893302179
122200.000000000000,3352.274277823303,7.261898433958
122400.000000000000,3352.553359324108,7.602350444213
122600.000000000000,3352.574629234615,7.589469982751
122800.000000000000,3352.670486360799,7.577454971202
123000.000000000000,3352.800732929478,7.566482557795
123200.000000000000,3352.875465423338,7.554551042382
123400.000000000000,3352.981855399797,7.542469351297
123600.000000000000,3353.135327038485,7.530094830269
123800.000000000000,3353.302000869720,7.518534523935
124000.000000000000,3353.311285799166,7.149626182221
124200.000000000000,3353.495838466069,7.494972167275
124400.000000000000,3353.530726445481,7.483263539727
124600.000000000000,3353.649064220911,7.112731222912
124800.000000000000,3353.759270676857,7.459929459551
125000.000000000000,3353.810313822891,7.448471384541
125200.000000000000,3353.907385133102,7.436780443400
125400.000000000000,3354.055844081226,7.425588397552
125600.000000000000,3354.153688291514,7.413937400661
125800.000000000000,3354.222517203765,7.402469069784
126000.000000000000,3354.377479766954,7.391117546778
126200.000000000000,3354.456604808546,7.379635474649
126400.000000000000,3354.522284203619,7.004331490650
126600.000000000000,3354.624181085431,7.357303018990
126800.000000000000,3354.718237402902,7.345506361890
127000.000000000000,3354.872433158152,7.334472630969
127200.000000000000,3354.904798033189,7.323185292914
127400.000000000000,3355.018515912759,7.312300062886
127600.000000000000,3355.045552138357,7.301224208098
127800.000000000000,3355.168635619750,6.922119912683
128000.000000000000,3355.311893939957,7.279260225867
128200.000000000000,3355.369552567015,7.267927259873
128400.000000000000,3355.489285774178,6.887250989929
128600.000000000000,3355.603719013852,7.246181507465
128800.000000000000,3355.691021267265,7.235188463263
129000.000000000000,3355.922617152492,7.224320839328
129200.000000000000,3355.850868374580,7.213203685278
129400.000000000000,3355.967732740451,7.202363744753
129600.000000000000,3356.073152960463,7.191864149879
129800.000000000000,3356.129345236261,7.180978923281
130000.000000000000,3356.210582403282,7.170174430686
130200.000000000000,3356.319936554122,6.784658427935
130400.000000000000,3356.456656398211,7.148820267626
130600.000000000000,3356.526069827727,7.138329340189
130800.000000000000,3356.616842055009,7.128088591632
131000.000000000000,3356.721695403432,7.117111088510
131200.000000000000,3356.854768899293,7.106818219783
131400.000000000000,3356.950770596177,7.096202853650
131600.000000000000,3357.041242956522,7.085835387397
131800.000000000000,3357.113601560555,7.075417710171
132000.000000000000,3357.229574703693,7.064964554142
132200.000000000000,3357.346343598625,7.054739456571
132400.000000000000,3357.405530214435,7.044683577473
132600.000000000000,3357.492954216217,7.033666609408
132800.000000000000,3357.570420092450,7.023620617206
133000.000000000000,3357.778671433103,6.630369326602
133200.000000000000,3357.852204833024,7.003137472949
133400.000000000000,3357.909182038633,6.992590023250
133600.000000000000,3357.932357328936,6.982633838441
133800.000000000000,3358.064254032447,6.586684184410
134000.000000000000,3358.159779741362,6.962427155374
134200.000000000000,3358.203867963423,6.952425639351
134400.000000000000,3358.367614139275,6.942282332096
134600.000000000000,3358.360523002238,6.931907494862
134800.000000000000,3358.493757087026,6.922271489583
135000.000000000000,3358.516852607600,6.912286554295
135200.000000000000,3358.594217828232,6.902503580486
135400.000000000000,3358.757110976185,6.892801570536
135600.000000000000,3358.790327420061,6.882621154392
135800.000000000000,3358.900097312488,6.873132976835
136000.000000000000,3358.980177869748,6.863406360473
136200.000000000000,3359.011579056282,6.853183313017
136400.000000000000,3359.122694512013,6.843669664490
136600.000000000000,3359.098086472543,6.834015685209
136800.000000000000,3359.244488703674,6.824046995084
137000.000000000000,3359.301129693708,6.814648711198
137200.000000000000,3359.363143644392,6.804964518627
137400.000000000000,3359.442798973319,6.795393201212
137600.000000000000,3359.606200488345,6.785747241459
137800.000000000000,3359.570073745989,6.776400542049
138000.000000000000,3359.620396913127,6.766370937913
138200.000000000000,3359.677582987820,6.757040031862
138400.000000000000,3359.841105142654,6.747768926212
138600.000000000000,3359.892583071471,6.339122410513
138800.000000000000,3360.048316377260,6.728804282125
139000.000000000000,3360.152639609762,6.719282872809
139200.000000000000,3360.151523371392,6.710069374184
139400.000000000000,3360.229925640307,6.700679646778
139600.000000000000,3360.384223131430,6.691449671336
139800.000000000000,3360.489973042437,6.279719360310
140000.000000000000,3360.580256985341,6.672803691398
140200.000000000000,3360.619769074149,6.663777368881
140400.000000000000,3360.668713076757,6.654456730501
140600.000000000000,3360.737550306156,6.645162858159
140800.000000000000,3360.806718893578,6.636124554813
141000.000000000000,3360.903571486860,6.627288072339
141200.000000000000,3360.935200362379,6.617764632119
141400.000000000000,3360.967015230652,6.608770955748
141600.000000000000,3361.072440846896,6.599656301245
141800.000000000000,3361.147979212092,6.590957798994
142000.000000000000,3361.202067531457,6.581852026280
142200.000000000000,3361.333767664679,6.572669433101
142400.000000000000,3361.364745766009,6.563640577115
142600.000000000000,3361.520444927156,6.554817302804
142800.000000000000,3361.573141616091,6.134605037362
143000.000000000000,3361.586439566593,6.537138783061
143200.000000000000,3361.665079442816,6.528264043522
143400.000000000000,3361.734002778165,6.519434424898
143600.000000000000,3361.820178222273,6.510221641353
143800.000000000000,3361.889880049828,6.501863351420
144000.000000000000,3362.035491490949,6.493315547716
144200.000000000000,3362.079278445364,6.484202690104
144400.000000000000,3362.156620989464,6.475535182780
144600.000000000000,3362.189557845375,6.466844404212
144800.000000000000,3362.243533467917,6.458233355887
145000.000000000000,3362.325501538567,6.449641022138
145200.000000000000,3362.373211917700,6.440985498964
145400.000000000000,3362.467271025524,6.013791233751
145600.000000000000,3362.544749810945,6.423935293027
145800.000000000000,3362.576083677551,6.415477184049
146000.000000000000,3362.659847117173,6.406582361230
146200.000000000000,3362.782049312117,6.398085870804
146400.000000000000,3362.833088367700,6.389767481840
146600.000000000000,3362.827675760173,6.381335554040
146800.000000000000,3362.959232527485,6.372925812939
147000.000000000000,3362.997934976685,6.364179532142
147200.000000000000,3363.230971964937,6.356224778873
147400.000000000000,3363.164708922804,6.347981446017
147600.000000000000,3363.255015654949,6.339479741113
147800.000000000000,3363.308737708361,6.331545204424
148000.000000000000,3363.309271508528,6.322561234617
148200.000000000000,3363.450893434664,5.887683197689
148400.000000000000,3363.453907810547,6.306439700091
148600.000000000000,3363.528115668963,6.298157386954
148800.000000000000,3363.579135356884,6.289877697199
149000.000000000000,3363.615556385460,6.281558565652
149200.000000000000,3363.698100818725,6.273336861418
149400.000000000000,3363.816345611914,6.265166988397
149600.000000000000,3363.864873180677,6.257396126140
149800.000000000000,3363.930766866344,6.249068875105
150000.000000000000,3363.906422589127,6.240944902775
150200.000000000000,3363.936775148218,6.232686495084
150400.000000000000,3363.979242002544,6.224915463330
150600.000000000000,3364.072529944950,6.217103183858
150800.000000000000,3364.192967154683,6.208841363708
151000.000000000000,3364.100056460520,6.201040983470
151200.000000000000,3364.295497720454,6.193197488376
151400.000000000000,3364.341383002539,6.184896981952
151600.000000000000,3364.373232638253,5.740731375224
151800.000000000000,3364.440471372368,6.169432978603
152000.000000000000,3364.571136505439,6.161472894604
152200.000000000000,3364.590916408097,6.153595297569
152400.000000000000,3364.633410732393,6.145728497796
152600.000000000000,3364.727452118122,6.137540134839
152800.000000000000,3364.811207819364,6.130086961792
153000.000000000000,3364.875806591570,6.122311901935
153200.000000000000,3365.017840563060,5.673244963674
153400.000000000000,3365.063333202030,6.107159949991
153600.000000000000,3365.189523341653,6.099331434590
153800.000000000000,3365.117780672888,6.091419337316
154000.000000000000,3365.301583886987,6.084047064810
154200.000000000000,3365.230701611755,6.076225940091
154400.000000000000,3365.356752242920,6.068718635433
154600.000000000000,3365.378956869232,6.061016646935
154800.000000000000,3365.463091180425,6.053518869998
155000.000000000000,3365.508428403232,6.045382706209
155200.000000000000,3365.592744063645,6.038019091691
155400.000000000000,3365.625520145875,6.030558537863
155600.000000000000,3365.635419350222,6.022905225514
155800.000000000000,3365.801331274703,6.015550326753
156000.000000000000,3365.825651831125,6.008312537102
156200.000000000000,3365.782999445500,6.000637923801
156400.000000000000,3365.880559891662,5.993671434417
156600.000000000000,3366.043529109826,5.985865296465
156800.000000000000,3366.014033977701,5.978584328327
157000.000000000000,3366.119112673048,5.971327656287
157200.000000000000,3366.195329704799,5.511119689330
157400.000000000000,3366.266665747712,5.956412511679
157600.000000000000,3366.269729979311,5.948784219620
157800.000000000000,3366.257531580796,5.941100255342
158000.000000000000,3366.339282953310,5.934310222151
158200.000000000000,3366.398222932949,5.927137891663
158400.000000000000,3366.425975782042,5.919944047269
158600.000000000000,3366.449611019519,5.912611849996
158800.000000000000,3366.482251177601,5.905336954869
159000.000000000000,3366.536648695090,5.898251613209
159200.000000000000,3366.638441811715,5.890984752872
159400.000000000000,3366.719362127003,5.884075964328
159600.000000000000,3366.741824708484,5.876332346398
159800.000000000000,3366.857106550390,5.409945444742
160000.000000000000,3366.879304682454,5.862170022544
160200.000000000000,3366.880779554792,5.855229402518
160400.000000000000,3367.036543679534,5.848500086025
160600.000000000000,3367.096873165388,5.841376550683
160800.000000000000,3367.076104221665,5.834076001770
161000.000000000000,3367.109167404470,5.827011261601
161200.000000000000,3367.214992245646,5.820371233532
161400.000000000000,3367.326450821404,5.813523156195
161600.000000000000,3367.314739268164,5.806344462891
161800.000000000000,3367.330254745579,5.799002756446
162000.000000000000,3367.448678680951,5.325342912643
162200.000000000000,3367.444661409529,5.785227406825
162400.000000000000,3367.510044349342,5.778253951290
162600.000000000000,3367.508558675589,5.771492015143
162800.000000000000,3367.585972932720,5.764787923926
163000.000000000000,3367.757753745877,5.757850140395
163200.000000000000,3367.694562261498,5.751387887432
163400.000000000000,3367.711330898059,5.743948052348
163600.000000000000,3367.787174930818,5.737169224240
163800.000000000000,3367.939936043485,5.730689582169
164000.000000000000,3367.865821519823,5.723462209056
164200.000000000000,3367.962845309914,5.716772317275
164400.000000000000,3368.056033523658,5.710107011314
164600.000000000000,3368.075376081907,5.703503675375
164800.000000000000,3368.093864214798,5.696631930228
165000.000000000000,3368.170611423850,5.690146181849
165200.000000000000,3368.303053109453,5.683186593608
165400.000000000000,3368.338129403615,5.676370247268
165600.000000000000,3368.324893933746,5.669649849046
165800.000000000000,3368.363974878515,5.663160083313
166000.000000000000,3368.485533062016,5.656866690351
166200.000000000000,3368.512045005687,5.649842566076
166400.000000000000,3368.488252668362,5.643382823944
166600.000000000000,3368.559196772600,5.636905211857
166800.000000000000,3368.621306136621,5.630210813990
167000.000000000000,3368.625430600408,5.623927371360
167200.000000000000,3368.816946158646,5.617597056849
167400.000000000000,3368.738574034287,5.610909705277
167600.000000000000,3368.803559136302,5.604022168595
167800.000000000000,3368.905859609503,5.597487789156
168000.000000000000,3368.945082386389,5.107047360639
168200.000000000000,3369.006766411352,5.584570087311
168400.000000000000,3369.011641100735,5.577923211802
168600.000000000000,3369.020714967025,5.571797318546
168800.000000000000,3369.140821539796,5.565179424403
169000.000000000000,3369.094495926948,5.558536583269
169200.000000000000,3369.160768170437,5.552619609492
169400.000000000000,3369.209733477764,5.545979916213
169600.000000000000,3369.303678234563,5.539525408868
169800.000000000000,3369.365199067509,5.533713796463
170000.000000000000,3369.334828220270,5.526972776284
170200.000000000000,3369.324670078466,5.520884764818
170400.000000000000,3369.509448191829,5.514177534972
170600.000000000000,3369.478007737048,5.508026388952
170800.000000000000,3369.498834436637,5.501738189948
171000.000000000000,3369.633057635374,5.495385076431
171200.000000000000,3369.644861110105,5.489262615666
171400.000000000000,3369.670893814215,5.482800350752
171600.000000000000,3369.729250501208,5.476765545427
171800.000000000000,3369.719336907939,5.470486886266
172000.000000000000,3369.722447771036,5.463842105349
172200.000000000000,3369.837909872630,5.457791881767
172400.000000000000,3369.871517770080,5.451602270310
172600.000000000000,3369.932475783538,5.445603575698
172800.000000000000,3369.917942339384,5.439289932470
173000.000000000000,3369.985274517837,5.433622474619
173200.000000000000,3370.022147896256,5.427297515276
173400.000000000000,3370.111237826024,5.421146109111
173600.000000000000,3370.168691129621,5.414566277987
173800.000000000000,3370.191095100537,5.409056884510
174000.000000000000,3370.160050875725,5.402345516447
174200.000000000000,3370.249316273234,5.396614279403
174400.000000000000,3370.234051031606,5.390004017142
174600.000000000000,3370.296942905180,5.384061837778
174800.000000000000,3370.410734782415,5.378015459533
175000.000000000000,3370.400871769605,4.868196278340
175200.000000000000,3370.495501446240,5.366109499634
175400.000000000000,3370.505489756407,5.359686798063
175600.000000000000,3370.516074808661,5.353817034195
175800.000000000000,3370.566974911210,5.347454510998
176000.000000000000,3370.609340649871,5.341855927985
176200.000000000000,3370.694494947194,5.335827471641
176400.000000000000,3370.654090746484,4.821700403933
176600.000000000000,3370.640982757735,5.323467253392
176800.000000000000,3370.683402470299,5.317557445621
177000.000000000000,3370.689060418146,5.311829795890
177200.000000000000,3370.810004329206,5.305801850352
177400.000000000000,3370.841748459202,5.299917704221
177600.000000000000,3370.852719080507,5.293741826343
177800.000000000000,3370.830633377721,5.287455806812
178000.000000000000,3370.839859809107,5.281754820757
178200.000000000000,3370.892876873213,5.275978290261
178400.000000000000,3370.958087265917,5.270077340885
178600.000000000000,3370.980140288448,5.263744237420
178800.000000000000,3371.018386972783,5.257910209351
179000.000000000000,3371.036295287140,5.251999220102
179200.000000000000,3371.081816509103,5.245950077883
179400.000000000000,3371.112600312117,5.240583233759
179600.000000000000,3371.119264952778,5.234522795114
179800.000000000000,3371.198052828138,5.228600466727
180000.000000000000,3371.209939385468,5.222521393148
180200.000000000000,3371.115816978920,5.216995491318
180400.000000000000,3371.262917279820,5.210808424832
180600.000000000000,3371.238438935375,5.204862101461
180800.000000000000,3371.195851853580,5.199405201860
181000.000000000000,3371.267825324997,5.193521613284
181200.000000000000,3371.217761385738,5.187330451945
181400.000000000000,3371.274348455755,5.181796259048
181600.000000000000,3371.305819551356,5.175574719579
181800.000000000000,3371.344178357064,5.169991818510
182000.000000000000,3371.292540144006,5.164320803757
182200.000000000000,3371.286170637831,5.158254911016
182400.000000000000,3371.334929788891,5.152255112922
182600.000000000000,3371.220823667599,5.146607088258
182800.000000000000,3371.303792776990,5.141023834235
183000.000000000000,3371.393325236244,5.135269055562
183200.000000000000,3371.391339301009,5.129326197764
183400.000000000000,3371.302421097256,5.123853518496
183600.000000000000,3371.295671302368,5.117903789518
183800.000000000000,3371.296489877757,5.111921666825
184000.000000000000,3371.326202950422,5.105977717213
184200.000000000000,3371.229377404969,5.100877381213
184400.000000000000,3371.345966123651,5.094742914477
184600.000000000000,3371.294626223268,5.089276302903
184800.000000000000,3371.214768677201,5.083691398531
185000.000000000000,3371.206281327491,5.078105576876
185200.000000000000,3371.247422154802,5.072156247372
185400.000000000000,3371.147228496902,5.066743295901
185600.000000000000,3371.160587508614,5.060506866014
185800.000000000000,3371.063917773469,5.055161573995
186000.000000000000,3371.073234153540,5.049991666674
186200.000000000000,3370.960035633729,5.044181081487
186400.000000000000,3370.885738227357,5.038884704946
186600.000000000000,3370.913487279720,5.033149509599
186800.000000000000,3370.841650113618,5.027191110076
187000.000000000000,3370.803437570354,5.021688807865
187200.000000000000,3370.788365409087,4.477764049727
187400.000000000000,3370.675735694026,5.011708180516
187600.000000000000,3370.561215410787,5.006163964943
187800.000000000000,3370.471759980605,5.000763171918
188000.000000000000,3370.441312058445,4.995983654717
188200.000000000000,3370.293463040563,4.990476445123
188400.000000000000,3370.166230710159,4.985500155954
188600.000000000000,3370.162693485807,4.437456969082
188800.000000000000,3370.142220597182,4.976008956905
189000.000000000000,3370.007173543848,4.971012942935
189200.000000000000,3369.896123331278,4.966234655716
189400.000000000000,3369.828538235593,4.961425809989
189600.000000000000,3369.674621935895,4.957131623142
189800.000000000000,3369.577359474071,4.952618133530
190000.000000000000,3369.459510579600,4.948240920773
190200.000000000000,3369.315551070688,4.944457541490
190400.000000000000,3369.172238894870,4.940551998309
190600.000000000000,3369.093564091224,4.936751736655
190800.000000000000,3368.939906052454,4.932654129557
191000.000000000000,3368.781892927766,4.928782906830
191200.000000000000,3368.698435103563,4.924807873390
191400.000000000000,3368.594770339709,4.921857680199
191600.000000000000,3368.398635683653,4.918042763024
191800.000000000000,3368.357099616179,4.362867477403
192000.000000000000,3368.216364374864,4.912258922393
192200.000000000000,3368.110718590920,4.909448222241
192400.000000000000,3367.985108160382,4.906683401237
192600.000000000000,3367.794181391497,4.903980054690
192800.000000000000,3367.705800878164,4.346642309769
193000.000000000000,3367.658590657621,4.898537301736
193200.000000000000,3367.610179691891,4.896800093924
193400.000000000000,3367.489044058000,4.894890806404
193600.000000000000,3367.435742593248,4.893409967779
193800.000000000000,3367.277712722591,4.891641413497
194000.000000000000,3367.277645834154,4.889312503747
194200.000000000000,3367.119028737618,4.888335132377
194400.000000000000,3367.054165041458,4.885680013766
194600.000000000000,3366.952982866430,4.884736934883
194800.000000000000,3366.926391629183,4.883074752985
195000.000000000000,3366.939827604754,4.882066846882
195200.000000000000,3366.889303483299,4.880592766944
195400.000000000000,3366.798659342278,4.878957569280
195600.000000000000,3366.818644360510,4.877612772583
195800.000000000000,3366.760923517235,4.876411761161
196000.000000000000,3366.753724688558,4.875603326909
196200.000000000000,3366.687256387645,4.309270756909
196400.000000000000,3366.711415457131,4.872666784716
196600.000000000000,3366.777032950423,4.871978728479
196800.000000000000,3366.759786775746,4.870093398238
197000.000000000000,3366.730615103570,4.869688029613
197200.000000000000,3366.859195666602,4.868331225141
197400.000000000000,3366.677637514443,4.866819973213
197600.000000000000,3366.939018187551,4.866664977991
197800.000000000000,3366.932284047639,4.865711672068
198000.000000000000,3366.977572427976,4.865265023061
198200.000000000000,3367.017244235906,4.862917222645
198400.000000000000,3367.098594758897,4.861982270070
198600.000000000000,3367.152322897618,4.861466056145
198800.000000000000,3367.302319662451,4.860216097834
199000.000000000000,3367.371321360743,4.858568742707
199200.000000000000,3367.531520676444,4.858704079869
199400.000000000000,3367.563221664949,4.856528167288
199600.000000000000,3367.553447871846,4.855488742488
199800.000000000000,3367.791316762634,4.279401713874
