Barrido en frecuencia -> f_inicial:200, f_final:200000, f_step:200
Parametros -> N: 512, Fuente: 1, F_dac:199791.975319 
Formato -> f,r,phi

200.000000000000,42.976059370958,88.773775730928
400.000000000000,85.692958034875,88.053209924046
600.000000000000,128.365493970093,87.323717706778
800.000000000000,170.889661078712,86.596397708729
1000.000000000000,213.384461850327,85.864546498712
1200.000000000000,255.576871622179,85.146289157544
1400.000000000000,297.699103042211,84.420880151915
1600.000000000000,339.526068481558,83.703895993505
1800.000000000000,381.226875345124,82.980638932844
2000.000000000000,422.605840362171,82.272199359334
2200.000000000000,463.851574580856,81.560181580814
2400.000000000000,504.761288740031,80.852450250293
2600.000000000000,545.539382661013,80.147277938166
2800.000000000000,585.925060981488,79.447106623222
3000.000000000000,626.112085305746,78.739973202030
3200.000000000000,665.883478348038,78.055771707298
3400.000000000000,705.427700853124,77.365017982042
3600.000000000000,744.564460078397,76.679320816682
3800.000000000000,783.471347669269,75.997325078060
4000.000000000000,821.914741060600,75.320731201130
4200.000000000000,860.088487255144,74.635933509242
4400.000000000000,897.776479812488,73.981164597775
4600.000000000000,935.201496090584,73.317722766358
4800.000000000000,972.157224258617,72.660607519825
5000.000000000000,1008.808344835151,72.006375376308
5200.000000000000,1044.969603084042,71.359874544353
5400.000000000000,1080.695542049428,70.717675405540
5600.000000000000,1116.095219110935,70.080875095651
5800.000000000000,1150.980280242178,69.449423775377
6000.000000000000,1185.471251694895,68.823064739488
6200.000000000000,1219.467579910151,68.203284335459
6400.000000000000,1253.053470538630,67.587580957222
6600.000000000000,1286.138243086303,66.979559303632
6800.000000000000,1318.857606970612,66.375598530012
7000.000000000000,1350.998771157740,65.778688086128
7200.000000000000,1382.785191942096,65.186971578220
7400.000000000000,1414.038782598538,64.601417141082
7600.000000000000,1444.878353304821,64.021296005879
7800.000000000000,1475.218072453803,63.449141348728
8000.000000000000,1505.139158843066,62.880955121329
8200.000000000000,1534.553330925914,62.320560008941
8400.000000000000,1563.571726385678,61.763923712569
8600.000000000000,1592.071047785028,61.216273651792
8800.000000000000,1620.209646554277,60.672596505798
9000.000000000000,1647.809397655682,60.134706502728
9200.000000000000,1674.992750839317,59.604569730798
9400.000000000000,1701.753272162546,59.078759114259
9600.000000000000,1728.111813374254,58.558228998927
9800.000000000000,1753.926532905160,58.018260678363
10000.000000000000,1779.408852193581,57.537677006403
10200.000000000000,1804.471234249032,57.036747551114
10400.000000000000,1829.004219262875,56.542206203003
10600.000000000000,1853.188267584487,56.051829084539
10800.000000000000,1876.927036645090,55.567434491437
11000.000000000000,1900.316965095032,55.089492270493
11200.000000000000,1923.235096218464,54.617216690978
11400.000000000000,1945.860936185149,54.149543931289
11600.000000000000,1968.029596017648,53.687945522882
11800.000000000000,1989.829939519601,53.197787811433
12000.000000000000,2011.210112505551,52.782490544388
12200.000000000000,2032.240029858384,52.337946615106
12400.000000000000,2052.843666039817,51.899457700382
12600.000000000000,2073.157935368879,51.465528750776
12800.000000000000,2093.057024169241,51.037867045680
13000.000000000000,2112.621972366723,50.613810255565
13200.000000000000,2131.802166624220,50.196314136944
13400.000000000000,2150.667233931787,49.783369924814
13600.000000000000,2169.191246444752,49.376395340912
13800.000000000000,2187.402018162518,48.973796096661
14000.000000000000,2205.235523782862,48.536467924000
14200.000000000000,2222.794477631640,48.184298374298
14400.000000000000,2239.965650442089,47.796213328422
14600.000000000000,2256.854734628894,47.414086949991
14800.000000000000,2273.471509167574,47.036627807017
15000.000000000000,2289.735518028499,46.662951508238
15200.000000000000,2305.718061857824,46.295116376305
15400.000000000000,2321.350707225699,45.888184552957
15600.000000000000,2336.805974009050,45.572028732890
15800.000000000000,2351.909165398731,45.217722596569
16000.000000000000,2366.773456596512,44.866916605283
16200.000000000000,2381.339196308856,44.521228137011
16400.000000000000,2395.679183724808,44.179461804594
16600.000000000000,2409.699327809779,43.843350748575
16800.000000000000,2423.438259610004,43.513105545744
17000.000000000000,2436.947549380122,43.182949243906
17200.000000000000,2450.323778162836,42.856795352620
17400.000000000000,2463.376592202909,42.535167863834
17600.000000000000,2476.271791778229,42.217970656033
17800.000000000000,2488.857457922321,41.904816012097
18000.000000000000,2501.188403061089,41.542328875114
18200.000000000000,2513.354305937220,41.289298349287
18400.000000000000,2525.291540520861,40.987231210878
18600.000000000000,2536.967598602534,40.690171962762
18800.000000000000,2548.517349174641,40.398482502076
19000.000000000000,2559.790514084024,40.107184269378
19200.000000000000,2570.957229669144,39.819384103685
19400.000000000000,2581.807079234924,39.533045524743
19600.000000000000,2592.603949834470,39.250270327059
19800.000000000000,2603.096072723927,38.976513454838
20000.000000000000,2613.338609714486,38.704555186672
20200.000000000000,2623.491905329000,38.434041140186
20400.000000000000,2633.508821657256,38.166682054419
20600.000000000000,2643.321769423976,37.902883682940
20800.000000000000,2652.889168073561,37.641842268362
21000.000000000000,2662.366990863553,37.384838638602
21200.000000000000,2671.646496344403,37.131832333298
21400.000000000000,2680.780697378105,36.879101481093
21600.000000000000,2689.775332704612,36.630652358120
21800.000000000000,2698.605078230984,36.383852772310
22000.000000000000,2707.235756928041,36.144999129058
22200.000000000000,2715.753321353226,35.839919421273
22400.000000000000,2724.201522285862,35.666402911107
22600.000000000000,2732.437270794379,35.431265213805
22800.000000000000,2740.551919492525,35.199851438149
23000.000000000000,2748.486053350552,34.973176900438
23200.000000000000,2756.335631732040,34.745627811984
23400.000000000000,2764.095638652380,34.520637035457
23600.000000000000,2771.651798383808,34.301210413927
23800.000000000000,2779.141472361612,34.080814384698
24000.000000000000,2786.465327819958,33.866489833261
24200.000000000000,2793.615485265543,33.653921501218
24400.000000000000,2800.692163488118,33.441896226140
24600.000000000000,2807.740755890424,33.233594332645
24800.000000000000,2814.615870893587,33.024511497089
25000.000000000000,2821.373091501483,32.821682020332
25200.000000000000,2827.983993360283,32.619423627142
25400.000000000000,2834.524402348124,32.422584176421
25600.000000000000,2840.985703922954,32.221159133438
25800.000000000000,2847.387708593335,32.025943072118
26000.000000000000,2853.636802939940,31.834067081586
26200.000000000000,2859.708208513799,31.643356611451
26400.000000000000,2865.717756331804,31.455145231249
26600.000000000000,2871.905055126498,31.265958642402
26800.000000000000,2877.926320593519,31.076103560208
27000.000000000000,2883.622462839552,30.892993846775
27200.000000000000,2889.255911020653,30.712304298704
27400.000000000000,2894.862319839079,30.533669159966
27600.000000000000,2900.035291445339,30.356921633687
27800.000000000000,2905.513627997838,30.184337376323
28000.000000000000,2910.790550672632,30.008679385990
28200.000000000000,2916.022879399442,29.837673652631
28400.000000000000,2921.324105265593,29.666025092645
28600.000000000000,2926.286818016652,29.499515349909
28800.000000000000,2931.243036023998,29.330867512885
29000.000000000000,2936.284127535541,29.162868408296
29200.000000000000,2941.156430858428,29.001070215991
29400.000000000000,2945.920910095918,28.840213678911
29600.000000000000,2950.737769983660,28.678662649361
29800.000000000000,2955.346361734565,28.523082758155
30000.000000000000,2960.039514209007,28.355853266224
30200.000000000000,2964.489419224062,28.113060737483
30400.000000000000,2968.816310566277,28.046594579085
30600.000000000000,2973.216299381056,27.894199660758
30800.000000000000,2977.464404596862,27.744037019136
31000.000000000000,2981.733208848043,27.602604625967
31200.000000000000,2985.918519531861,27.454770731946
31400.000000000000,2990.075078257970,27.306791768746
31600.000000000000,2994.190835544844,27.160723782982
31800.000000000000,2998.095697763874,27.016408957887
32000.000000000000,3002.019231913322,26.874524956438
32200.000000000000,3005.910852522908,26.642273377375
32400.000000000000,3009.759217481351,26.597261574164
32600.000000000000,3013.435212186310,26.456265476543
32800.000000000000,3017.362260173999,26.318195582268
33000.000000000000,3020.960686850844,26.185136379064
33200.000000000000,3024.564950753860,26.049487347403
33400.000000000000,3028.072144469897,25.915088384301
33600.000000000000,3031.492803851245,25.783685508176
33800.000000000000,3035.004036895240,25.652647466568
34000.000000000000,3038.401653333125,25.524532858361
34200.000000000000,3041.752069754296,25.396803308069
34400.000000000000,3045.096128956902,25.268905240477
34600.000000000000,3048.436721872944,25.146300742662
34800.000000000000,3051.648886353314,25.019785749747
35000.000000000000,3054.838802458594,24.895025425308
35200.000000000000,3057.977062416353,24.774650196426
35400.000000000000,3060.942738451643,24.653020325106
35600.000000000000,3063.982279586469,24.531862177889
35800.000000000000,3067.118324234616,24.415320059328
36000.000000000000,3070.071288003576,24.297430042006
36200.000000000000,3072.903070280314,24.181754085754
36400.000000000000,3075.779167113518,24.064941292769
36600.000000000000,3078.740521855262,23.950097427490
36800.000000000000,3081.464398131949,23.836619474190
37000.000000000000,3084.320047096202,23.727726747959
37200.000000000000,3087.066072328876,23.613566379586
37400.000000000000,3089.697300531302,23.390884422274
37600.000000000000,3092.343992142400,23.391937915314
37800.000000000000,3095.000711155844,23.286662867769
38000.000000000000,3097.585687272321,23.177680480769
38200.000000000000,3100.156591850367,23.070659929474
38400.000000000000,3102.636420475253,22.966433921010
38600.000000000000,3105.220454837916,22.860902838545
38800.000000000000,3107.588471594048,22.757661857039
39000.000000000000,3110.095832536060,22.652202378667
39200.000000000000,3112.516390377084,22.551193733725
39400.000000000000,3114.939535061411,22.451544805642
39600.000000000000,3117.210719222671,22.350108925354
39800.000000000000,3119.557672853380,22.250680877646
40000.000000000000,3121.902946383324,22.153902200732
40200.000000000000,3124.070278143450,22.054578712238
40400.000000000000,3126.421255056267,21.957915567503
40600.000000000000,3128.572733391007,21.860721767403
40800.000000000000,3130.716405163024,21.767359491699
41000.000000000000,3132.896211108046,21.672271703454
41200.000000000000,3135.021646108538,21.578924161638
41400.000000000000,3136.970812915133,21.488302142824
41600.000000000000,3139.076815921114,21.392277638975
41800.000000000000,3141.228824900682,21.302616126058
42000.000000000000,3143.135113696928,21.219805865635
42200.000000000000,3145.159333420608,21.128568789606
42400.000000000000,3147.155577841429,21.033695785372
42600.000000000000,3149.117482240219,20.943294010099
42800.000000000000,3150.974145496173,20.855062538296
43000.000000000000,3152.909004862084,20.769119360016
43200.000000000000,3154.745555764809,20.680778823297
43400.000000000000,3156.620912131671,20.595765853683
43600.000000000000,3158.497836707519,20.511597847140
43800.000000000000,3160.321975799959,20.426705742302
44000.000000000000,3162.152517141602,20.344075071901
44200.000000000000,3163.934817177199,20.260019304186
44400.000000000000,3165.590136780480,20.177839127875
44600.000000000000,3167.359931180018,20.095893793995
44800.000000000000,3169.125503274279,20.013872788094
45000.000000000000,3170.806027921637,19.805620036842
45200.000000000000,3172.435098193924,19.854262964499
45400.000000000000,3174.102609947829,19.775618576051
45600.000000000000,3175.719023919041,19.565360185698
45800.000000000000,3177.415570790944,19.617673260864
46000.000000000000,3179.046307370861,19.540448957637
46200.000000000000,3180.545155010944,19.464271280307
46400.000000000000,3182.117371289197,19.388740853435
46600.000000000000,3183.676746745530,19.313242994444
46800.000000000000,3185.193749297722,19.237825011257
47000.000000000000,3186.752645278172,19.163110349143
47200.000000000000,3188.293817801511,19.087444187444
47400.000000000000,3189.702766866234,19.015503971764
47600.000000000000,3191.210533569277,18.942598545471
47800.000000000000,3192.595061125058,18.870653733771
48000.000000000000,3194.057756537051,18.659016501346
48200.000000000000,3195.406111683036,18.726780735950
48400.000000000000,3196.814597129320,18.656090600918
48600.000000000000,3198.242902523394,18.585326801186
48800.000000000000,3199.653387024252,18.515977594445
49000.000000000000,3201.028117964921,18.446923912168
49200.000000000000,3202.313905872509,18.379234750889
49400.000000000000,3203.661474412142,18.309510505792
49600.000000000000,3205.017542805508,18.242976225744
49800.000000000000,3206.306378705435,18.174919295923
50000.000000000000,3207.593127830518,18.109802163043
50200.000000000000,3208.749519170457,18.041877239457
50400.000000000000,3210.110844025695,17.976776124453
50600.000000000000,3211.381407325611,17.911963517835
50800.000000000000,3212.588527839255,17.846080400715
51000.000000000000,3213.803783685537,17.782817903745
51200.000000000000,3215.057269239070,17.718213923690
51400.000000000000,3216.162894516573,17.654142025346
51600.000000000000,3217.383323191319,17.591554830113
51800.000000000000,3218.481855168103,17.528718736515
52000.000000000000,3219.776834869845,17.466218801308
52200.000000000000,3220.876326848464,17.405056604267
52400.000000000000,3222.017930295460,17.342796139818
52600.000000000000,3223.121849731263,17.282418639575
52800.000000000000,3224.235294248387,17.221051516895
53000.000000000000,3225.318494067139,17.160408893078
53200.000000000000,3226.417934455503,17.101550762106
53400.000000000000,3227.515759158253,17.042521255523
53600.000000000000,3228.601182924783,16.982867203720
53800.000000000000,3229.602747717498,16.924825988763
54000.000000000000,3230.649331707173,16.866886964669
54200.000000000000,3231.608184262572,16.808928682755
54400.000000000000,3232.720452916926,16.752237591815
54600.000000000000,3233.705802825980,16.695579917086
54800.000000000000,3234.603750389645,16.637763936350
55000.000000000000,3235.688118276718,16.581472397251
55200.000000000000,3236.684900687595,16.527040563986
55400.000000000000,3237.641785229307,16.469825103994
55600.000000000000,3238.578547869173,16.415442260049
55800.000000000000,3239.555104636723,16.361138864735
56000.000000000000,3240.591116402882,16.306316755598
56200.000000000000,3241.411599466378,16.251336470276
56400.000000000000,3242.342765629769,16.198735595794
56600.000000000000,3243.286078217544,16.144750086722
56800.000000000000,3244.183528787739,16.091860991327
57000.000000000000,3245.131611901647,16.039949039729
57200.000000000000,3246.010969889265,15.987498397748
57400.000000000000,3246.868734212289,15.935313671480
57600.000000000000,3247.756872183284,15.882719314084
57800.000000000000,3248.708379324959,15.832381645089
58000.000000000000,3249.516895345126,15.780368094498
58200.000000000000,3250.390388747758,15.730645843040
58400.000000000000,3251.281887371331,15.679766246968
58600.000000000000,3252.091344700818,15.629689251327
58800.000000000000,3252.903347796288,15.579263455829
59000.000000000000,3253.818332667876,15.530785230214
59200.000000000000,3254.597659604280,15.481788713027
59400.000000000000,3255.404539597282,15.433273504540
59600.000000000000,3256.173668823987,15.384782396497
59800.000000000000,3256.934680801669,15.336469802917
60000.000000000000,3257.719003124293,15.114304543348
60200.000000000000,3258.591535712735,15.240014296157
60400.000000000000,3259.373924275120,15.192080356511
60600.000000000000,3260.085721137649,15.145496671054
60800.000000000000,3260.864430716852,14.924400879982
61000.000000000000,3261.629861190835,15.052922992932
61200.000000000000,3262.382798947775,15.006315499646
61400.000000000000,3263.137245553232,14.960645564674
61600.000000000000,3263.845129110431,14.914324563771
61800.000000000000,3264.584188083135,14.868896643557
62000.000000000000,3265.326589799296,14.824326401980
62200.000000000000,3265.999535478046,14.600056820697
62400.000000000000,3266.740045824400,14.734375690381
62600.000000000000,3267.446842675216,14.689828818982
62800.000000000000,3268.116615882388,14.646482913675
63000.000000000000,3268.790243750288,14.601611954437
63200.000000000000,3269.465628950202,14.558408984902
63400.000000000000,3270.118375891455,14.515138769673
63600.000000000000,3270.839094792625,14.472565684363
63800.000000000000,3271.497369552343,14.430339671568
64000.000000000000,3272.146787531306,14.387537322151
64200.000000000000,3272.699661996404,14.344868772858
64400.000000000000,3273.355159576073,14.302595315923
64600.000000000000,3273.970871396899,14.260698057193
64800.000000000000,3274.700969946758,14.219355431310
65000.000000000000,3275.402704005173,14.178485992871
65200.000000000000,3276.003813978459,14.137110711851
65400.000000000000,3276.560068419776,14.095341354284
65600.000000000000,3277.250707351580,14.054203113431
65800.000000000000,3277.873270715676,14.014558471032
66000.000000000000,3278.469288966145,13.974671893253
66200.000000000000,3279.081413122151,13.744551620451
66400.000000000000,3279.601311269384,13.895786700619
66600.000000000000,3280.180937442162,13.855440103591
66800.000000000000,3280.847995224088,13.816250604379
67000.000000000000,3281.421411077718,13.776553753572
67200.000000000000,3281.987171706653,13.738158569500
67400.000000000000,3282.562138974978,13.699799506853
67600.000000000000,3283.157813655875,13.661238947346
67800.000000000000,3283.688767260822,13.428306416468
68000.000000000000,3284.258336252864,13.585020931416
68200.000000000000,3284.763822350275,13.547657306780
68400.000000000000,3285.377530384554,13.509649911212
68600.000000000000,3285.903153485621,13.472600078716
68800.000000000000,3286.394360316735,13.435825794172
69000.000000000000,3286.895200853237,13.200116655817
69200.000000000000,3287.505920830438,13.361469442126
69400.000000000000,3288.048510652348,13.325129808746
69600.000000000000,3288.545139003986,13.288976137896
69800.000000000000,3289.090016628022,13.253219766400
70000.000000000000,3289.656642675772,13.216235524799
70200.000000000000,3290.134393720431,13.180929903643
70400.000000000000,3290.699588176721,13.145801466192
70600.000000000000,3291.188886193368,13.109049626873
70800.000000000000,3291.653826523572,12.870102812958
71000.000000000000,3292.119737425233,13.039946207201
71200.000000000000,3292.608079049055,13.004837222868
71400.000000000000,3293.118045259870,12.970118268150
71600.000000000000,3293.577105162647,12.935643807576
71800.000000000000,3294.068719711591,12.901098487186
72000.000000000000,3294.554841953329,12.866775208521
72200.000000000000,3295.077521585087,12.833708313013
72400.000000000000,3295.575608984226,12.799099116601
72600.000000000000,3295.960377870483,12.766116142855
72800.000000000000,3296.468541294517,12.732022278655
73000.000000000000,3296.879215710138,12.488399492009
73200.000000000000,3297.341005656267,12.666562050170
73400.000000000000,3297.791673756057,12.633061554409
73600.000000000000,3298.312101602004,12.600415394488
73800.000000000000,3298.642062410368,12.568400101406
74000.000000000000,3299.122655490797,12.535835006424
74200.000000000000,3299.689384551836,12.503701217223
74400.000000000000,3299.957549738236,12.472025005274
74600.000000000000,3300.446301211275,12.439650502337
74800.000000000000,3300.897448825536,12.407982230458
75000.000000000000,3301.356974233554,12.376382760904
75200.000000000000,3301.739923837633,12.344659069778
75400.000000000000,3302.268729147008,12.313976803652
75600.000000000000,3302.569005218286,12.283108395719
75800.000000000000,3303.022114302626,12.251468826196
76000.000000000000,3303.480071642683,12.220376638950
76200.000000000000,3303.806043821540,12.189269482220
76400.000000000000,3304.195799619970,12.159401446670
76600.000000000000,3304.554522331913,12.129380402979
76800.000000000000,3305.017924367589,12.099119538811
77000.000000000000,3305.395607750731,12.069221080918
77200.000000000000,3305.822412905167,12.039090731844
77400.000000000000,3306.268741866356,12.009644927468
77600.000000000000,3306.534069524038,11.980416794411
77800.000000000000,3306.946918114704,11.950785229965
78000.000000000000,3307.408234773494,11.696674989633
78200.000000000000,3307.674303063672,11.892303003486
78400.000000000000,3308.200428119947,11.863353391822
78600.000000000000,3308.546860322499,11.834241382119
78800.000000000000,3308.931296761033,11.805453221812
79000.000000000000,3309.317687801513,11.776995399047
79200.000000000000,3309.624176919406,11.748382205537
79400.000000000000,3310.018669249988,11.719864228477
79600.000000000000,3310.503577966132,11.691572853979
79800.000000000000,3310.765204641941,11.663930019949
80000.000000000000,3311.126393324861,11.635803482701
80200.000000000000,3311.494160187966,11.608491189579
80400.000000000000,3311.864894759415,11.580353523855
80600.000000000000,3312.093418889404,11.552106839701
80800.000000000000,3312.579011391127,11.524844513073
81000.000000000000,3312.821381614443,11.498336155565
81200.000000000000,3313.243571916747,11.470606401820
81400.000000000000,3313.580628086143,11.443818826714
81600.000000000000,3313.809055520063,11.416348523529
81800.000000000000,3314.148667330353,11.155007907744
82000.000000000000,3314.538220939091,11.363382240939
82200.000000000000,3314.667651028347,11.336808167796
82400.000000000000,3315.096481439023,11.310002472487
82600.000000000000,3315.463981080221,11.283291402071
82800.000000000000,3315.767822705152,11.257717037366
83000.000000000000,3316.114695243049,11.232043094258
83200.000000000000,3316.398508003208,10.966404965993
83400.000000000000,3316.822821983930,11.180711842024
83600.000000000000,3317.054082051280,11.154099163116
83800.000000000000,3317.246291445113,11.128859068102
84000.000000000000,3317.759030138454,11.104259348709
84200.000000000000,3318.021412638587,11.078944296134
84400.000000000000,3318.310056655183,11.053599639948
84600.000000000000,3318.592811216421,11.027896971964
84800.000000000000,3318.850945207206,11.002746121346
85000.000000000000,3319.238954614922,10.978223558768
85200.000000000000,3319.482409527228,10.953484833962
85400.000000000000,3319.841632760882,10.928954424945
85600.000000000000,3320.110581059575,10.904692186623
85800.000000000000,3320.384729244400,10.879999466203
86000.000000000000,3320.748000603940,10.855390531976
86200.000000000000,3321.009593670403,10.831794829174
86400.000000000000,3321.311266184387,10.807180017360
86600.000000000000,3321.566083539431,10.783383668732
86800.000000000000,3321.861274065063,10.509532134845
87000.000000000000,3322.203630546063,10.734968391966
87200.000000000000,3322.429252595885,10.711475186280
87400.000000000000,3322.671185102237,10.688131888085
87600.000000000000,3322.917450331652,10.664641206635
87800.000000000000,3323.177832314751,10.641553027991
88000.000000000000,3323.571835206405,10.617466509225
88200.000000000000,3323.768435300641,10.595546115611
88400.000000000000,3324.054926858842,10.572400551647
88600.000000000000,3324.338960454362,10.293931815240
88800.000000000000,3324.634568809063,10.525684255164
89000.000000000000,3324.929263986947,10.503931683655
89200.000000000000,3325.133471535316,10.480788265374
89400.000000000000,3325.419983899229,10.458562993208
89600.000000000000,3325.593414665519,10.434648384100
89800.000000000000,3325.909868172139,10.413420094716
90000.000000000000,3326.204821126610,10.131890360688
90200.000000000000,3326.422845343413,10.368878625283
90400.000000000000,3326.722268987070,10.346666923516
90600.000000000000,3326.992663792847,10.324961354747
90800.000000000000,3327.262743789356,10.302969924222
91000.000000000000,3327.433132849799,10.281198534306
91200.000000000000,3327.737913714935,9.996304346683
91400.000000000000,3327.914651587718,10.237635083056
91600.000000000000,3328.158980873777,10.215498277389
91800.000000000000,3328.397753368103,10.194538033452
92000.000000000000,3328.681623759120,10.172754747769
92200.000000000000,3328.941613532476,10.151777276415
92400.000000000000,3329.168058019127,10.130782017570
92600.000000000000,3329.363623963741,10.109387652743
92800.000000000000,3329.577705779570,10.088519134713
93000.000000000000,3329.863355916172,10.067412889608
93200.000000000000,3330.037843423847,10.047144421872
93400.000000000000,3330.319339642891,10.026011120375
93600.000000000000,3330.511326005527,10.004957737236
93800.000000000000,3330.704637747815,9.985176185500
94000.000000000000,3330.938177308130,9.963453045537
94200.000000000000,3331.179790271474,9.943537273028
94400.000000000000,3331.392733312573,9.923617648564
94600.000000000000,3331.589387796648,9.903967028130
94800.000000000000,3331.845577265027,9.883298585693
95000.000000000000,3332.039444960361,9.863482978501
95200.000000000000,3332.338799505254,9.568615957898
95400.000000000000,3332.520324393056,9.822655016779
95600.000000000000,3332.695460005461,9.803832459297
95800.000000000000,3332.997392714994,9.783928354182
96000.000000000000,3333.179455173663,9.763745759680
96200.000000000000,3333.419345965440,9.467222972159
96400.000000000000,3333.580401437194,9.725138059231
96600.000000000000,3333.763283607379,9.706624040698
96800.000000000000,3334.038765138401,9.685861523870
97000.000000000000,3334.312874477409,9.667406078659
97200.000000000000,3334.464185676167,9.647847626158
97400.000000000000,3334.771135086405,9.627545376875
97600.000000000000,3334.940317837898,9.609080443913
97800.000000000000,3335.244003359122,9.590564469349
98000.000000000000,3335.415591540107,9.572433788999
98200.000000000000,3335.542311433024,9.552202699426
98400.000000000000,3335.690007379969,9.533880235878
98600.000000000000,3335.858651551247,9.514854615085
98800.000000000000,3336.043200583333,9.496502983738
99000.000000000000,3336.314834346112,9.477027478659
99200.000000000000,3336.439407829788,9.459621685224
99400.000000000000,3336.661994848070,9.440587892558
99600.000000000000,3336.936648965559,9.422162526316
99800.000000000000,3337.165754029022,9.405130604021
100000.000000000000,3337.332300970977,9.386686237877
100200.000000000000,3337.398165952678,9.368113685629
100400.000000000000,3337.631045503617,9.060716414059
100600.000000000000,3337.832428656666,9.332356812899
100800.000000000000,3337.947998872315,9.313902343562
101000.000000000000,3338.119636304059,9.297215354396
101200.000000000000,3338.319528760289,9.278935773311
101400.000000000000,3338.500594839168,9.260562436490
101600.000000000000,3338.758034436225,9.242780677269
101800.000000000000,3338.888267569992,9.225719099693
102000.000000000000,3339.092300075934,9.208053913755
102200.000000000000,3339.204603378365,9.190567202029
102400.000000000000,3339.407553865235,9.172751562158
102600.000000000000,3339.589031565460,9.154703830813
102800.000000000000,3339.781038466076,9.139103893991
103000.000000000000,3339.919895910600,8.825151077044
103200.000000000000,3340.104567098976,9.104213258066
103400.000000000000,3340.382688758314,9.087741689372
103600.000000000000,3340.442917292029,9.070761865012
103800.000000000000,3340.557488438642,9.052716102553
104000.000000000000,3340.770656491721,9.037609474872
104200.000000000000,3340.984781796705,9.020093634310
104400.000000000000,3341.132258596798,9.002963968238
104600.000000000000,3341.311619328202,8.987016252271
104800.000000000000,3341.479082858987,8.969769005483
105000.000000000000,3341.601458223386,8.953317293722
105200.000000000000,3341.734579985335,8.936795486243
105400.000000000000,3341.873585315057,8.920869784967
105600.000000000000,3342.043163516453,8.904319946290
105800.000000000000,3342.220517020803,8.888254405443
106000.000000000000,3342.483368014085,8.872018473559
106200.000000000000,3342.627497635300,8.856192380008
106400.000000000000,3342.688729913468,8.839773430189
106600.000000000000,3342.898728903461,8.823920718345
106800.000000000000,3343.093803677614,8.807762910249
107000.000000000000,3343.274487802717,8.791896096444
107200.000000000000,3343.413064255680,8.776650662567
107400.000000000000,3343.607723746384,8.760602620028
107600.000000000000,3343.927528180498,8.745139650741
107800.000000000000,3343.919277012758,8.729247752047
108000.000000000000,3344.188151874469,8.713019951664
108200.000000000000,3344.270722007790,8.698147731438
108400.000000000000,3344.512045529064,8.682263072450
108600.000000000000,3344.577836505904,8.666603885898
108800.000000000000,3344.719684594731,8.651708004734
109000.000000000000,3344.939081348586,8.636687017363
109200.000000000000,3345.044969757605,8.621006378647
109400.000000000000,3345.211696755985,8.605093277269
109600.000000000000,3345.375084390299,8.590417456546
109800.000000000000,3345.567788076364,8.574852207584
110000.000000000000,3345.672167723827,8.560167852003
110200.000000000000,3345.837402441213,8.545010641695
110400.000000000000,3346.104919422484,8.529798581754
110600.000000000000,3346.088564364322,8.515703686706
110800.000000000000,3346.202645098042,8.500627754117
111000.000000000000,3346.329785766120,8.485280727035
111200.000000000000,3346.517994708148,8.471035900973
111400.000000000000,3346.660382839878,8.456820047183
111600.000000000000,3346.870811955449,8.441508482352
111800.000000000000,3346.999365167109,8.427000628344
112000.000000000000,3347.243271444860,8.412719061349
112200.000000000000,3347.260375259961,8.398128198380
112400.000000000000,3347.353695067113,8.383780058127
112600.000000000000,3347.668927090604,8.369418654692
112800.000000000000,3347.682514347820,8.354983040504
113000.000000000000,3347.975843368474,8.340838612710
113200.000000000000,3347.933241595145,8.326293116531
113400.000000000000,3348.162063322525,8.312512196584
113600.000000000000,3348.146076771506,8.297798741660
113800.000000000000,3348.362217525873,8.283474805914
114000.000000000000,3348.460993247302,8.270255128038
114200.000000000000,3348.643126379609,8.255702297294
114400.000000000000,3348.709561251772,8.242103804901
114600.000000000000,3348.826251873021,8.227200582164
114800.000000000000,3348.937819015932,8.213921159373
115000.000000000000,3349.093089224229,8.200298888684
115200.000000000000,3349.234225738410,8.185867330133
115400.000000000000,3349.456117430228,8.172450084447
115600.000000000000,3349.552537165919,8.158952897130
115800.000000000000,3349.791922335487,8.145105848450
116000.000000000000,3349.858409072376,7.797668670167
116200.000000000000,3349.898664057996,8.118310348123
116400.000000000000,3350.006106091298,8.104093137508
116600.000000000000,3350.148528227908,8.091411415213
116800.000000000000,3350.309766308450,8.077443869884
117000.000000000000,3350.448625273741,7.726907806753
117200.000000000000,3350.542050438465,8.051012824655
117400.000000000000,3350.750011275223,8.037434906509
117600.000000000000,3350.847803146955,8.023968759623
117800.000000000000,3350.909748627836,8.010964471326
118000.000000000000,3351.106850915926,7.998392605765
118200.000000000000,3351.212438047070,7.985227251996
118400.000000000000,3351.325830187509,7.971752975622
118600.000000000000,3351.486109546582,7.958598105722
118800.000000000000,3351.537964060932,7.946044388608
119000.000000000000,3352.112977987298,7.933671148290
119200.000000000000,3351.788317206760,7.919508566939
119400.000000000000,3351.996353443913,7.906956484812
119600.000000000000,3352.022527691597,7.893615065375
119800.000000000000,3352.153074344179,7.881003717666
120000.000000000000,3352.228996144454,7.868736203356
120200.000000000000,3352.368327205812,7.855777652965
120400.000000000000,3352.475135323114,7.843575250393
120600.000000000000,3352.570476529640,7.830676313894
120800.000000000000,3352.710424705376,7.817298545458
121000.000000000000,3352.829342565496,7.805339027683
121200.000000000000,3352.923810465521,7.444249908977
121400.000000000000,3353.034067282428,7.780332928419
121600.000000000000,3353.123843881800,7.767944430374
121800.000000000000,3353.445217033005,7.756034508184
122000.000000000000,3353.373154799541,7.742761692060
122200.000000000000,3353.228178557331,7.731019612574
122400.000000000000,3353.648371563589,7.718986492775
122600.000000000000,3353.699959553053,7.706046284866
122800.000000000000,3354.417612896711,7.694764844628
123000.000000000000,3353.895509888487,7.682799612131
123200.000000000000,3354.138486546491,7.670007516272
123400.000000000000,3354.189537115153,7.658251481016
123600.000000000000,3354.339124115639,7.645645897927
123800.000000000000,3354.425401653911,7.633471180558
124000.000000000000,3354.536561652231,7.621297863721
124200.000000000000,3354.639845613089,7.610969966196
124400.000000000000,3354.688705956419,7.598295202574
124600.000000000000,3354.829786379743,7.586576578557
124800.000000000000,3354.917518856024,7.574724790503
125000.000000000000,3355.121637801125,7.561707046756
125200.000000000000,3355.172283305076,7.550736136196
125400.000000000000,3355.218094690429,7.538730193404
125600.000000000000,3355.369756730287,7.527608214698
125800.000000000000,3355.451894099439,7.515935562418
126000.000000000000,3355.650755142480,7.504483412164
126200.000000000000,3355.761784346215,7.492513636220
126400.000000000000,3355.759630946981,7.481289953138
126600.000000000000,3355.909475659800,7.469642806734
126800.000000000000,3356.005558907538,7.457892732083
127000.000000000000,3356.333822356820,7.447505480375
127200.000000000000,3356.207552912982,7.435679804766
127400.000000000000,3356.246331701695,7.425246364402
127600.000000000000,3356.386819447787,7.413019563106
127800.000000000000,3356.489890551245,7.402088557118
128000.000000000000,3356.683800523313,7.390462181321
128200.000000000000,3356.752921759783,7.010217164943
128400.000000000000,3357.041180372731,7.369124200918
128600.000000000000,3356.980508078989,7.356851652980
128800.000000000000,3356.989774536259,7.346230988454
129000.000000000000,3357.083554609719,7.335134316480
129200.000000000000,3357.134345522445,7.323698936492
129400.000000000000,3357.288129622511,7.312959042017
129600.000000000000,3357.597786072894,7.301560577168
129800.000000000000,3357.452956382286,7.291424578516
130000.000000000000,3357.446104766696,7.280531350433
130200.000000000000,3357.595327577492,6.894659271997
130400.000000000000,3357.770331368292,7.259170437410
130600.000000000000,3357.831642082791,7.248081752221
130800.000000000000,3357.878407684977,7.237226907337
131000.000000000000,3358.020293775370,7.226461588664
131200.000000000000,3358.017356059926,6.837549745272
131400.000000000000,3358.098097166916,7.204608806739
131600.000000000000,3358.575032311559,7.194843235532
131800.000000000000,3358.352702954789,7.184007661665
132000.000000000000,3358.529603122658,7.173747191737
132200.000000000000,3358.574609378360,7.162368372866
132400.000000000000,3358.655300742842,7.152292196229
132600.000000000000,3358.936962366142,7.141450169934
132800.000000000000,3358.819634596854,7.131027474918
133000.000000000000,3358.878777724055,6.737117538595
133200.000000000000,3359.017086975665,7.110959783255
133400.000000000000,3359.091856117711,7.100617636345
133600.000000000000,3359.194213081248,7.089503321588
133800.000000000000,3359.212917684214,7.078870676445
134000.000000000000,3359.456406364322,7.069230137794
134200.000000000000,3359.479431099438,7.059637939200
134400.000000000000,3359.433525301866,7.048744634035
134600.000000000000,3359.556065723948,7.038542514617
134800.000000000000,3359.948334072487,7.028636367248
135000.000000000000,3359.775581169873,6.629249535021
135200.000000000000,3359.861822818451,7.008024785428
135400.000000000000,3359.973866117167,6.998810862958
135600.000000000000,3360.072064237591,6.988287797203
135800.000000000000,3360.130409119881,6.978672623213
136000.000000000000,3360.167434473471,6.968985565279
136200.000000000000,3360.319836003519,6.958041635825
136400.000000000000,3360.356572887478,6.948705998407
136600.000000000000,3360.418749340690,6.938859184167
136800.000000000000,3360.783609793398,6.535773871035
137000.000000000000,3360.649841654248,6.919162155633
137200.000000000000,3360.705771764511,6.909313038081
137400.000000000000,3360.812559713505,6.899656070090
137600.000000000000,3361.010200300137,6.889735567132
137800.000000000000,3361.281156911401,6.881036677394
138000.000000000000,3361.238548840432,6.870998884739
138200.000000000000,3361.138212519404,6.861090413919
138400.000000000000,3361.199726662456,6.850805420825
138600.000000000000,3361.244109412051,6.841768244695
138800.000000000000,3361.328470181778,6.831429264848
139000.000000000000,3361.408614247537,6.822691995007
139200.000000000000,3361.446095633011,6.813142072374
139400.000000000000,3361.541268249765,6.804541669669
139600.000000000000,3361.719784875611,6.794183012925
139800.000000000000,3361.700539952308,6.784564093164
140000.000000000000,3361.940721418321,6.775252116858
140200.000000000000,3361.849868869991,6.766134280318
140400.000000000000,3362.205383362702,6.757555396547
140600.000000000000,3362.119194009820,6.747494197659
140800.000000000000,3362.277040288733,6.738151922897
141000.000000000000,3362.172763048801,6.728962719087
141200.000000000000,3362.355413769796,6.719574118714
141400.000000000000,3362.322854600985,6.710751836289
141600.000000000000,3362.405100199697,6.701197131790
141800.000000000000,3362.462031608610,6.691818213758
142000.000000000000,3362.479813315856,6.273475879630
142200.000000000000,3362.803072165408,6.673428628957
142400.000000000000,3362.790051563963,6.664376913959
142600.000000000000,3362.819057142919,6.655299257952
142800.000000000000,3362.908280618379,6.647363252749
143000.000000000000,3362.951987316337,6.637753120227
143200.000000000000,3363.018868236821,6.628391506130
143400.000000000000,3363.138862995483,6.620174131328
143600.000000000000,3363.165556397172,6.609802857333
143800.000000000000,3363.253893138358,6.601683865677
144000.000000000000,3363.430116956985,6.593328240937
144200.000000000000,3363.376135485208,6.582910285334
144400.000000000000,3363.381159869443,6.574992414807
144600.000000000000,3363.429301541407,6.566254243006
144800.000000000000,3363.631786740543,6.557706902133
145000.000000000000,3363.826597029226,6.548698979601
145200.000000000000,3363.716306323721,6.540121714038
145400.000000000000,3363.799509123236,6.531047348424
145600.000000000000,3363.926011471267,6.521877040256
145800.000000000000,3363.895503859812,6.513818424519
146000.000000000000,3363.981255594600,6.504739179665
146200.000000000000,3364.578673885932,6.497819999221
146400.000000000000,3364.187252683172,6.487982923634
146600.000000000000,3364.205595790028,6.479771964880
146800.000000000000,3364.342696225321,6.470788366226
147000.000000000000,3364.308896737843,6.462329841551
147200.000000000000,3364.114561777256,6.454046006453
147400.000000000000,3364.553414151082,6.445660110402
147600.000000000000,3364.619990936412,6.436944385308
147800.000000000000,3364.710906427839,6.428438277137
148000.000000000000,3364.894027498346,6.420609249601
148200.000000000000,3364.781911595349,6.411587957069
148400.000000000000,3364.945674799471,6.403253033959
148600.000000000000,3364.985712343469,6.394870267966
148800.000000000000,3365.232978668954,6.386620720544
149000.000000000000,3365.206733390464,6.378254174043
149200.000000000000,3365.110336284954,6.369807554109
149400.000000000000,3365.156321830704,6.362059224315
149600.000000000000,3365.294938495855,6.354141354250
149800.000000000000,3365.325422098135,6.345293885361
150000.000000000000,3365.391544411902,6.337186315336
150200.000000000000,3365.938224501711,6.329813855043
150400.000000000000,3365.532118210013,6.320627239704
150600.000000000000,3365.581430575300,6.311744577398
150800.000000000000,3365.720214455308,6.304389789564
151000.000000000000,3366.003034650093,6.296978417818
151200.000000000000,3365.796636705727,6.288684177828
151400.000000000000,3365.924516690643,6.280031929812
151600.000000000000,3365.890145492308,6.272038099800
151800.000000000000,3365.965181090084,6.264083507021
152000.000000000000,3366.184878330298,6.256324713954
152200.000000000000,3366.064904141997,6.247755284460
152400.000000000000,3366.124905022074,6.239999114906
152600.000000000000,3366.265765519252,6.232446216391
152800.000000000000,3366.297255782862,6.224458531581
153000.000000000000,3366.513059924463,6.216919382318
153200.000000000000,3366.791727478952,5.767700651037
153400.000000000000,3366.515363980677,6.201412694235
153600.000000000000,3366.696597189037,6.192409466285
153800.000000000000,3366.958805035493,6.185820115910
154000.000000000000,3366.626286499040,6.177325388582
154200.000000000000,3366.639387070934,6.169681713652
154400.000000000000,3366.921527888618,6.161904716986
154600.000000000000,3367.060241674359,6.154242954892
154800.000000000000,3366.875850564721,6.146596881878
155000.000000000000,3367.019206302628,6.139319720249
155200.000000000000,3367.023841515151,6.132018344298
155400.000000000000,3367.124307062327,6.123889897484
155600.000000000000,3367.459448453703,6.115407432137
155800.000000000000,3367.250882241653,6.107774897545
156000.000000000000,3367.687169048458,6.101225720340
156200.000000000000,3367.516474640067,6.093565387788
156400.000000000000,3367.431874127316,6.085470937020
156600.000000000000,3367.454047376421,6.078011594446
156800.000000000000,3367.690237736818,6.070671649572
157000.000000000000,3367.848678874152,6.063498122556
157200.000000000000,3367.855329090831,6.056180465900
157400.000000000000,3367.810488307712,6.047699728972
157600.000000000000,3367.769514940056,6.040531374823
157800.000000000000,3367.834359803658,6.032491219419
158000.000000000000,3368.029463254796,6.026386514549
158200.000000000000,3367.889146821285,6.018335014025
158400.000000000000,3367.962764121592,6.010862137682
158600.000000000000,3368.152872793582,6.004084695824
158800.000000000000,3368.085320229304,5.996627076556
159000.000000000000,3368.080166373893,5.989060133530
159200.000000000000,3368.430214837540,5.981773991861
159400.000000000000,3368.226150949663,5.974727744786
159600.000000000000,3368.282295093863,5.966715075835
159800.000000000000,3368.486335220964,5.960393731569
160000.000000000000,3368.397598277313,5.953566637269
160200.000000000000,3368.492258206649,5.945819490892
160400.000000000000,3368.917954303129,5.939539285618
160600.000000000000,3368.965706865954,5.468442702210
160800.000000000000,3368.726641940069,5.924196532134
161000.000000000000,3369.059114473009,5.916921179183
161200.000000000000,3368.592669476740,5.909198772880
161400.000000000000,3369.184981348786,5.903382297971
161600.000000000000,3369.250366386244,5.896378025732
161800.000000000000,3368.944183968759,5.888436995159
162000.000000000000,3369.018771228752,5.881612272560
162200.000000000000,3369.427296330736,5.874679507453
162400.000000000000,3369.360678935117,5.867461250499
162600.000000000000,3369.382637937838,5.861126083000
162800.000000000000,3369.149213362956,5.384466668279
163000.000000000000,3369.489092233281,5.846834327961
163200.000000000000,3369.542933555333,5.840208549235
163400.000000000000,3369.312920849207,5.832262836711
163600.000000000000,3369.497335174965,5.825027654392
163800.000000000000,3369.501661924414,5.819342493462
164000.000000000000,3369.463545341544,5.811513270804
164200.000000000000,3370.083190175485,5.805397896481
164400.000000000000,3369.612715371146,5.798099363000
164600.000000000000,3369.665608405778,5.790875790149
164800.000000000000,3369.908950079179,5.784241071556
165000.000000000000,3369.765664192480,5.778045390824
165200.000000000000,3369.712702687346,5.770727241798
165400.000000000000,3370.090530765792,5.763901877302
165600.000000000000,3370.315893248079,5.757392384480
165800.000000000000,3370.163297383076,5.751082779814
166000.000000000000,3370.014857977937,5.743844708470
166200.000000000000,3370.195819665026,5.736382119575
166400.000000000000,3370.057856986269,5.730754222693
166600.000000000000,3370.151239868449,5.723649052853
166800.000000000000,3370.685700849445,5.717714833515
167000.000000000000,3370.234761993973,5.710033957106
167200.000000000000,3370.329383363049,5.222190702654
167400.000000000000,3370.546238815895,5.697110666678
167600.000000000000,3370.662486186340,5.691125123410
167800.000000000000,3370.486629435312,5.683835411869
168000.000000000000,3370.615245504759,5.677341823429
168200.000000000000,3370.895918936855,5.671118405546
168400.000000000000,3370.607702844568,5.663103015761
168600.000000000000,3370.629993006853,5.657998569923
168800.000000000000,3370.863505509999,5.650995130109
169000.000000000000,3370.732662037650,5.644757676818
169200.000000000000,3370.758661598411,5.638835681295
169400.000000000000,3371.003716953646,5.631285084482
169600.000000000000,3370.974116888955,5.625050180784
169800.000000000000,3370.871200664966,5.618024750806
170000.000000000000,3371.112461530219,5.123241133021
170200.000000000000,3371.040466055756,5.605757222217
170400.000000000000,3371.273034440636,5.599031290314
170600.000000000000,3371.159334083074,5.592838016640
170800.000000000000,3371.449747846043,5.586566396416
171000.000000000000,3371.176358827160,5.580684721821
171200.000000000000,3371.237358210444,5.573765182031
171400.000000000000,3371.838440036877,5.074293662800
171600.000000000000,3371.448573773251,5.561235817840
171800.000000000000,3371.483126014923,5.554653689516
172000.000000000000,3371.656114665062,5.548227954825
172200.000000000000,3371.729160053947,5.542334322669
172400.000000000000,3371.549713880292,5.536303212541
172600.000000000000,3371.653875299893,5.529607785272
172800.000000000000,3371.966992340886,5.523982496974
173000.000000000000,3371.671188338324,5.517866904033
173200.000000000000,3371.788362223253,5.011307501649
173400.000000000000,3371.926227063034,5.504723620589
173600.000000000000,3372.112495600210,5.498963626252
173800.000000000000,3372.128765674958,5.491932541928
174000.000000000000,3372.128277132289,5.486129080511
174200.000000000000,3372.676986580665,5.480141571521
174400.000000000000,3372.076722625955,5.473154382028
174600.000000000000,3372.028518029335,5.466809101255
174800.000000000000,3372.751934624751,5.460854662390
175000.000000000000,3372.276126408042,5.455644313594
175200.000000000000,3372.214997150999,5.449652207321
175400.000000000000,3372.596120404371,5.442992151056
175600.000000000000,3372.281227246240,5.437252753367
175800.000000000000,3372.247521377337,5.430312201983
176000.000000000000,3372.335272136726,5.424438099450
176200.000000000000,3372.550929494017,5.419111419395
176400.000000000000,3372.799943941131,5.412945437514
176600.000000000000,3372.717463786183,5.407023462720
176800.000000000000,3372.640980493558,5.400441570654
177000.000000000000,3372.842432984368,5.394194499889
177200.000000000000,3372.579972599678,5.387977169821
177400.000000000000,3372.840835161228,5.382214675420
177600.000000000000,3372.569830059897,5.375850630199
177800.000000000000,3372.581614351753,5.369463755391
178000.000000000000,3372.705177466507,5.363117941804
178200.000000000000,3373.140968925533,5.357810703285
178400.000000000000,3372.857739518566,5.351759971492
178600.000000000000,3372.695736620052,5.345741846653
178800.000000000000,3372.945354182037,5.339167554397
179000.000000000000,3372.697980322438,5.333367197005
179200.000000000000,3373.108282929012,5.327980920808
179400.000000000000,3372.794061860074,5.321979956954
179600.000000000000,3373.075764746240,5.315748715698
179800.000000000000,3372.925511946721,5.310312209663
180000.000000000000,3372.902127840706,5.304409236404
180200.000000000000,3373.196034988341,5.297813211568
180400.000000000000,3373.030404664533,5.291941966249
180600.000000000000,3372.961136974675,5.285525321883
180800.000000000000,3373.051400492848,5.280689753081
181000.000000000000,3373.187859535940,5.274777477599
181200.000000000000,3373.131922554196,5.268149972658
181400.000000000000,3373.064654953936,5.261953402430
181600.000000000000,3373.451809444368,4.733255533954
181800.000000000000,3373.188127940788,5.250254901485
182000.000000000000,3373.415465218503,5.244843904815
182200.000000000000,3373.469123973097,5.239218798058
182400.000000000000,3373.320175892962,5.233033018576
182600.000000000000,3373.140722209819,5.226318044022
182800.000000000000,3373.134835569580,5.220526866221
183000.000000000000,3373.424777725793,5.214809220168
183200.000000000000,3373.250019486752,5.209272152132
183400.000000000000,3373.124083803612,5.203087954150
183600.000000000000,3373.165230870187,5.197138112167
183800.000000000000,3373.630718346184,5.192419906362
184000.000000000000,3373.165402101050,5.185130862255
184200.000000000000,3373.459939697061,5.180653909802
184400.000000000000,3373.600744024770,5.174151255480
184600.000000000000,3373.690564924509,5.169141052368
184800.000000000000,3373.186736967723,5.162757657168
185000.000000000000,3373.168280337292,5.156977135695
185200.000000000000,3373.344793904379,5.151221597434
185400.000000000000,3373.088513020324,5.145757965808
185600.000000000000,3373.043933528380,5.140026501772
185800.000000000000,3373.063107517803,5.134315067087
186000.000000000000,3373.312272952217,5.129051656936
186200.000000000000,3372.941630366282,5.122928744913
186400.000000000000,3373.223405546493,5.117805190232
186600.000000000000,3373.234956548262,5.112593211127
186800.000000000000,3373.011961266479,5.106374456760
187000.000000000000,3372.677659548032,5.100736031562
187200.000000000000,3372.906769715400,5.094060726241
187400.000000000000,3372.820892568818,5.089683292440
187600.000000000000,3372.780186365061,5.083999121074
187800.000000000000,3372.428223705638,5.077705745720
188000.000000000000,3372.639800090690,5.074083661008
188200.000000000000,3372.640620356281,5.068431819659
188400.000000000000,3372.332848982208,5.062449959095
188600.000000000000,3372.219788941571,5.057303780725
188800.000000000000,3372.384818575139,5.053071153971
189000.000000000000,3372.112345549722,5.047702167904
189200.000000000000,3371.920794475776,5.041978672776
189400.000000000000,3371.874205431743,5.037969330520
189600.000000000000,3371.973169470908,5.033317188632
189800.000000000000,3371.580658175768,5.028746429616
190000.000000000000,3371.507946598143,5.023722111050
190200.000000000000,3371.305856741745,5.020955920133
190400.000000000000,3371.426502226649,5.016767631962
190600.000000000000,3371.458897400476,5.012263276414
190800.000000000000,3370.919951969199,5.007385892447
191000.000000000000,3371.135711948785,5.004481731406
191200.000000000000,3371.082113025466,5.000657279144
191400.000000000000,3370.669489429229,4.996728853184
191600.000000000000,3370.532741109095,4.993485426029
191800.000000000000,3370.689370757217,4.990948127160
192000.000000000000,3370.190481537626,4.986205009498
192200.000000000000,3370.398895836608,4.984625345555
192400.000000000000,3369.975388521084,4.980324079431
192600.000000000000,3370.192240385338,4.978657283230
192800.000000000000,3369.916669395755,4.976133530438
193000.000000000000,3369.791453072473,4.972691114134
193200.000000000000,3369.832124090326,4.972040300198
193400.000000000000,3369.711019879443,4.969798159884
193600.000000000000,3369.413647899368,4.966258879073
193800.000000000000,3369.251194041710,4.964651949516
194000.000000000000,3369.334252496358,4.965001013749
194200.000000000000,3369.034524185687,4.961619344407
194400.000000000000,3368.891754383956,4.959355214388
194600.000000000000,3368.839162518843,4.958927940626
194800.000000000000,3369.177098913685,4.957487685430
195000.000000000000,3368.856346334715,4.955825925086
195200.000000000000,3368.797791051078,4.954623325295
195400.000000000000,3368.757086254575,4.951370037681
195600.000000000000,3368.996679680628,4.951149598605
195800.000000000000,3368.707624188231,4.949667219882
196000.000000000000,3368.726687040212,4.948747982543
196200.000000000000,3368.716590615299,4.946626633172
196400.000000000000,3368.831857217897,4.947387230520
196600.000000000000,3368.746564810538,4.944871857915
196800.000000000000,3368.994811095084,4.944963432364
197000.000000000000,3368.781426629578,4.942976691052
197200.000000000000,3368.895783127901,4.941863039617
197400.000000000000,3369.102327921999,4.942980793729
197600.000000000000,3368.980257321811,4.939085202285
197800.000000000000,3369.157481672059,4.938620052622
198000.000000000000,3368.980259937198,4.938584861852
198200.000000000000,3369.058466091944,4.935813014746
198400.000000000000,3369.115454800229,4.935157560082
198600.000000000000,3369.448621887406,4.934282603181
198800.000000000000,3369.489161018649,4.933141148316
199000.000000000000,3369.274922922678,4.931060849167
199200.000000000000,3369.543596305154,4.930942428800
199400.000000000000,3369.760128456969,4.929617459509
199600.000000000000,3369.935027935672,4.929189631245
199800.000000000000,3369.786191757587,4.926449762525
