frecuencia,X,Y,R,T
200,5.0042897782986984e-05,0.0023421389050781727,0.002342673484236002,88.7759780883789
400,0.00015357030497398227,0.004480696748942137,0.0044833277352154255,88.03702545166016
600,0.00031262601260095835,0.006681813858449459,0.006689123343676329,87.32122039794922
800,0.0005390345468185842,0.009014951065182686,0.009031051769852638,86.57815551757812
1000,0.0008301383350044489,0.011372754350304604,0.011403012089431286,85.8251724243164
1200,0.0011768295662477612,0.01367990393191576,0.013730430044233799,85.08316040039062
1400,0.0015475586988031864,0.01577790267765522,0.01585361547768116,84.39811706542969
1600,0.002019200474023819,0.01811928302049637,0.01823144592344761,83.64122772216797
1800,0.0025309978518635035,0.02035435102880001,0.02051110751926899,82.91183471679688
2000,0.003103735391050577,0.022592660039663315,0.022804856300354004,82.17777252197266
2200,0.0037202078383415937,0.024768762290477753,0.025046586990356445,81.45816040039062
2400,0.004366603679955006,0.026851801201701164,0.02720453031361103,80.76348876953125
2600,0.0050946492701768875,0.029011134058237076,0.029455075040459633,80.03983306884766
2800,0.0058590867556631565,0.031101491302251816,0.03164856508374214,79.33130645751953
3000,0.006627412047237158,0.033053621649742126,0.03371148928999901,78.66224670410156
3200,0.007508248556405306,0.035146575421094894,0.03593961149454117,77.94133758544922
3400,0.008410760201513767,0.03714777156710625,0.03808802738785744,77.24254608154297
3600,0.009384214878082275,0.03917229548096657,0.040280669927597046,76.52796173095703
3800,0.01031609158962965,0.04099464789032936,0.042272720485925674,75.87508392333984
4000,0.011362706311047077,0.04292980581521988,0.044408101588487625,75.17484283447266
4200,0.012462654151022434,0.04485076665878296,0.046550069004297256,74.47101593017578
4400,0.013579090125858784,0.0466945543885231,0.04862893372774124,73.78521728515625
4600,0.014653998427093029,0.04837707057595253,0.050547804683446884,73.14779663085938
4800,0.015823079273104668,0.05012177303433418,0.05256007984280586,72.47946166992188
5000,0.017076190561056137,0.05190030485391617,0.054637327790260315,71.78780364990234
5200,0.01824912428855896,0.05348404496908188,0.056511715054512024,71.16000366210938
5400,0.019477110356092453,0.05506978929042816,0.058412667363882065,70.52230072021484
5600,0.02071513421833515,0.05659380927681923,0.06026587635278702,69.89575958251953
5800,0.022093534469604492,0.058218471705913544,0.06226969137787819,69.21855926513672
6000,0.023375695571303368,0.05965949594974518,0.06407556682825089,68.60382843017578
6200,0.024882107973098755,0.06128226965665817,0.0661410316824913,67.9016342163086
6400,0.02610040456056595,0.06253086030483246,0.0677594244480133,67.34432220458984
6600,0.027516722679138184,0.06392570585012436,0.06959645450115204,66.71060180664062
6800,0.028945239260792732,0.06527512520551682,0.07140496373176575,66.08584594726562
7000,0.030340123921632767,0.06653417646884918,0.07312536984682083,65.48661804199219
7200,0.0318063348531723,0.06780685484409332,0.07489601522684097,64.87001037597656
7400,0.03327856585383415,0.06902943551540375,0.07663240283727646,64.26163482666016
7600,0.034660980105400085,0.07012512534856796,0.07822349667549133,63.69803237915039
7800,0.03621833398938179,0.07131292670965195,0.07998313009738922,63.07493591308594
8000,0.03758694976568222,0.07231207937002182,0.08149733394384384,62.535125732421875
8200,0.03918427228927612,0.07343222200870514,0.08323279023170471,61.915103912353516
8400,0.04054546728730202,0.07434245198965073,0.08468019217252731,61.39248275756836
8600,0.04207148775458336,0.0753251388669014,0.08627796173095703,60.815242767333984
8800,0.0435711108148098,0.07624789327383041,0.08781903237104416,60.25461196899414
9000,0.045083463191986084,0.07713646441698074,0.08934512734413147,59.695255279541016
9200,0.04648862034082413,0.07792553305625916,0.09073907881975174,59.180641174316406
9400,0.04803838953375816,0.07876677066087723,0.09225989878177643,58.62175369262695
9600,0.04949932545423508,0.07951799035072327,0.09366586059331894,58.09805679321289
9800,0.050954822450876236,0.08023089915513992,0.09504415839910507,57.58027267456055
10000,0.05241714045405388,0.08091767877340317,0.09641175717115402,57.06549835205078
10200,0.053923074156045914,0.08159467577934265,0.09780281037092209,56.540672302246094
10400,0.05537955090403557,0.08221631497144699,0.09912829101085663,56.036441802978516
10600,0.05682211369276047,0.08280066400766373,0.10042262822389603,55.540061950683594
10800,0.05825244262814522,0.08335532248020172,0.10169295221567154,55.05242156982422
11000,0.05966563522815704,0.0838722214102745,0.10292976349592209,54.57243347167969
11200,0.06103648617863655,0.08435307443141937,0.10411961376667023,54.111122131347656
11400,0.06250204145908356,0.08483897894620895,0.10537627339363098,53.62041473388672
11600,0.06391093879938126,0.0852748453617096,0.10656643658876419,53.14954376220703
11800,0.06524451822042465,0.08566879481077194,0.1076846793293953,52.70745086669922
12000,0.06664460152387619,0.08605284243822098,0.10884205996990204,52.243595123291016
12200,0.06812747567892075,0.08643744140863419,0.11005809158086777,51.7558479309082
12400,0.06943001598119736,0.08674994856119156,0.11111291497945786,51.32808303833008
12600,0.07086345553398132,0.08706966787576675,0.11226200312376022,50.85886001586914
12800,0.07211185991764069,0.08733406662940979,0.11325793713331223,50.453468322753906
13000,0.07351981848478317,0.08761247992515564,0.11437267810106277,49.99837875366211
13200,0.07479460537433624,0.08783858269453049,0.1153683215379715,49.58558654785156
13400,0.07616245746612549,0.08805635571479797,0.11642439663410187,49.14253234863281
13600,0.07733817398548126,0.0882357582449913,0.11733176559209824,48.765602111816406
13800,0.07859890162944794,0.0884043350815773,0.11829249560832977,48.360206604003906
14000,0.0799090638756752,0.08855457603931427,0.11927854269742966,47.93782424926758
14200,0.0812307670712471,0.08869528770446777,0.12027174234390259,47.51527404785156
14400,0.08233674615621567,0.0887908935546875,0.12109155207872391,47.159908294677734
14600,0.0836661234498024,0.08889985084533691,0.12207867950201035,46.7371826171875
14800,0.08482211083173752,0.08897221088409424,0.12292618304491043,46.36792755126953
15000,0.08599483221769333,0.08903272449970245,0.12378181517124176,45.99435806274414
15200,0.08715488761663437,0.0890759527683258,0.1246214285492897,45.62454605102539
15400,0.08831088244915009,0.08909779787063599,0.12544812262058258,45.2541389465332
15600,0.08943396061658859,0.08910904824733734,0.12624919414520264,44.895729064941406
15800,0.09056243300437927,0.08910474926233292,0.127048060297966,44.53515625
16000,0.09180203825235367,0.08909247815608978,0.12792609632015228,44.141849517822266
16200,0.09287863224744797,0.08906242996454239,0.1286800503730774,43.798397064208984
16400,0.0939289852976799,0.08902285248041153,0.12941299378871918,43.463890075683594
16600,0.0950147733092308,0.0889686793088913,0.1301661729812622,43.1178092956543
16800,0.09604822099208832,0.08890891075134277,0.13088183104991913,42.789485931396484
17000,0.09711642563343048,0.08883194625377655,0.1316157877445221,42.449012756347656
17200,0.0982104018330574,0.08873672038316727,0.13236120343208313,42.098976135253906
17400,0.09919078648090363,0.08864577859640121,0.13302963972091675,41.786827087402344
17600,0.10016810148954391,0.08854077011346817,0.13369037210941315,41.47416305541992
17800,0.10118516534566879,0.08841513097286224,0.13437139987945557,41.146812438964844
18000,0.1022106185555458,0.08827929198741913,0.13505645096302032,40.817161560058594
18200,0.10316535085439682,0.08814164996147156,0.13569097220897675,40.509666442871094
18400,0.10408556461334229,0.0880003571510315,0.13630065321922302,40.21323776245117
18600,0.1050412580370903,0.08784104883670807,0.13692960143089294,39.90414810180664
18800,0.10593535006046295,0.08768586069345474,0.13751766085624695,39.61557388305664
19000,0.10684086382389069,0.08751769363880157,0.13810980319976807,39.322296142578125
19200,0.10773277282714844,0.08736088126897812,0.13870210945606232,39.03871154785156
19400,0.10858508199453354,0.08718287944793701,0.139253631234169,38.76095199584961
19600,0.10949995368719101,0.08697851747274399,0.1398409903049469,38.46097946166992
19800,0.11035450547933578,0.08677797019481659,0.14038708806037903,38.179962158203125
20000,0.11115003377199173,0.0865902379155159,0.14089782536029816,37.91999053955078
20200,0.11204331368207932,0.08636549115180969,0.14146625995635986,37.62583541870117
20400,0.11285172402858734,0.08615374565124512,0.14197880029678345,37.35899353027344
20600,0.11364574730396271,0.08594754338264465,0.14248627424240112,37.09933853149414
20800,0.11444178223609924,0.08572034537792206,0.14298565685749054,36.83431625366211
21000,0.11524474620819092,0.08548325300216675,0.14348776638507843,36.56632614135742
21200,0.11603286117315292,0.08524642884731293,0.1439811736345291,36.30379104614258
21400,0.1168208196759224,0.08500689268112183,0.14447586238384247,36.04222106933594
21600,0.11754073947668076,0.08478337526321411,0.1449277400970459,35.803306579589844
21800,0.1182924136519432,0.0845397338271141,0.14539623260498047,35.552154541015625
22000,0.11905432492494583,0.08428885042667389,0.14587166905403137,35.2979736328125
22200,0.11979580670595169,0.0840272456407547,0.14632707834243774,35.046607971191406
22400,0.1204724982380867,0.08377744257450104,0.14673882722854614,34.81502914428711
22600,0.12120349705219269,0.08351346105337143,0.14718961715698242,34.568199157714844
22800,0.12188483774662018,0.08325807750225067,0.1476069837808609,34.33651351928711
23000,0.12257921695709229,0.08298978209495544,0.14803029596805573,34.09916687011719
23200,0.12319803237915039,0.08273875713348389,0.14840301871299744,33.88497543334961
23400,0.12389986962080002,0.08246784657239914,0.1488358974456787,33.64776611328125
23600,0.12451290339231491,0.08221453428268433,0.14920687675476074,33.43635177612305
23800,0.12514257431030273,0.08195270597934723,0.1495891511440277,33.21976852416992
24000,0.12575559318065643,0.08167596161365509,0.14995142817497253,33.00298309326172
24200,0.12639068067073822,0.0813947319984436,0.1503319889307022,32.781253814697266
24400,0.12702609598636627,0.08111021667718887,0.15071329474449158,32.559532165527344
24600,0.12762463092803955,0.08083153516054153,0.1510687917470932,32.3482780456543
24800,0.12817677855491638,0.0805782750248909,0.1514005959033966,32.15550231933594
25000,0.12873081862926483,0.08031518757343292,0.1517305076122284,31.96004867553711
25200,0.1293359249830246,0.08002208918333054,0.15208981931209564,31.745702743530273
25400,0.1299341768026352,0.07971993088722229,0.15244066715240479,31.53081512451172
25600,0.1305004507303238,0.07943949848413467,0.15277762711048126,31.330114364624023
25800,0.13099806010723114,0.07917578518390656,0.15306630730628967,31.14893913269043
26000,0.1315757930278778,0.07888206839561462,0.15340980887413025,30.943449020385742
26200,0.13208402693271637,0.07862017303705215,0.15371181070804596,30.76230812072754
26400,0.1326100081205368,0.07834164798259735,0.15402215719223022,30.57320213317871
26600,0.1331510692834854,0.07804896682500839,0.15434005856513977,30.377487182617188
26800,0.13365571200847626,0.07775949686765671,0.15462984144687653,30.19039535522461
27000,0.13416890799999237,0.07747376710176468,0.15493056178092957,30.00362205505371
27200,0.13467834889888763,0.07718604803085327,0.15522868931293488,29.817626953125
27400,0.13514335453510284,0.07691746950149536,0.15549926459789276,29.646568298339844
27600,0.13562874495983124,0.07664237171411514,0.15578578412532806,29.4703311920166
27800,0.13608351349830627,0.07636399567127228,0.15604545176029205,29.299196243286133
28000,0.13660745322704315,0.07605103403329849,0.15635012090206146,29.1052188873291
28200,0.13701382279396057,0.07579416036605835,0.15658079087734222,28.950763702392578
28400,0.13748611509799957,0.07550561428070068,0.15685512125492096,28.7750244140625
28600,0.13794107735157013,0.07521429657936096,0.15711438655853271,28.602041244506836
28800,0.13838651776313782,0.07492651790380478,0.15736840665340424,28.432411193847656
29000,0.1388108879327774,0.07464268803596497,0.1576070934534073,28.26822280883789
29200,0.139237180352211,0.07436101883649826,0.1578497737646103,28.104890823364258
29400,0.13966305553913116,0.07408584654331207,0.15809643268585205,27.9442195892334
29600,0.14006251096725464,0.07381775975227356,0.1583242416381836,27.790773391723633
29800,0.14047160744667053,0.07354573905467987,0.1585599184036255,27.634891510009766
30000,0.14088372886180878,0.07326109707355499,0.1587936133146286,27.474929809570312
30200,0.141293004155159,0.07296803593635559,0.15902216732501984,27.313215255737305
30400,0.14169728755950928,0.07268891483545303,0.15925388038158417,27.15724754333496
30600,0.14207549393177032,0.07242386788129807,0.15946993231773376,27.010496139526367
30800,0.14243783056735992,0.0721609964966774,0.15967386960983276,26.86741065979004
31000,0.1428379863500595,0.07187020778656006,0.1599000245332718,26.709659576416016
31200,0.1432112604379654,0.07159405946731567,0.16010987758636475,26.56134796142578
31400,0.14358064532279968,0.07132560759782791,0.16032075881958008,26.416501998901367
31600,0.14395467936992645,0.07104804366827011,0.16053278744220734,26.268388748168945
31800,0.1442973017692566,0.07078403234481812,0.16072364151477814,26.12993621826172
32000,0.14465220272541046,0.07051966339349747,0.16092634201049805,25.989778518676758
32200,0.14500918984413147,0.07024075090885162,0.16112551093101501,25.84500503540039
32400,0.14537501335144043,0.06995483487844467,0.16133064031600952,25.69698143005371
32600,0.14569588005542755,0.06970028579235077,0.16150981187820435,25.56624984741211
32800,0.14603835344314575,0.06942827999591827,0.16170184314250946,25.42694091796875
33000,0.14634740352630615,0.06916643679141998,0.16186895966529846,25.2962646484375
33200,0.14669042825698853,0.06889578700065613,0.16206389665603638,25.15793800354004
33400,0.14701558649539948,0.06862176209688187,0.16224220395088196,25.021528244018555
33600,0.14732107520103455,0.06836213171482086,0.16240960359573364,24.892948150634766
33800,0.14762648940086365,0.06811141967773438,0.16258151829242706,24.76749610900879
34000,0.14792603254318237,0.06785065680742264,0.1627446413040161,24.639957427978516
34200,0.14821188151836395,0.0675971582531929,0.1628991663455963,24.516996383666992
34400,0.14852941036224365,0.06733300536870956,0.1630788892507553,24.386262893676758
34600,0.14883117377758026,0.067075714468956,0.16324788331985474,24.260290145874023
34800,0.1491214632987976,0.06682863086462021,0.16341137886047363,24.13948631286621
35000,0.14943109452724457,0.06655219197273254,0.16358131170272827,24.006776809692383
35200,0.14969046413898468,0.06631984561681747,0.16372403502464294,23.895572662353516
35400,0.14998191595077515,0.06605495512485504,0.16388358175754547,23.76962661743164
35600,0.15023638308048248,0.06582320481538773,0.16402336955070496,23.659711837768555
35800,0.15053388476371765,0.06555245816707611,0.16418762505054474,23.53150749206543
36000,0.1507844775915146,0.06531044095754623,0.16432105004787445,23.419254302978516
36200,0.1510511338710785,0.06506704539060593,0.16446934640407562,23.30452537536621
36400,0.15131662786006927,0.06480945646762848,0.16461162269115448,23.185623168945312
36600,0.15157634019851685,0.0645742416381836,0.16475805640220642,23.074872970581055
36800,0.1518271267414093,0.06433769315481186,0.16489636898040771,22.965103149414062
37000,0.15208932757377625,0.06408188492059708,0.1650383323431015,22.847820281982422
37200,0.15233954787254333,0.06384702771902084,0.16517803072929382,22.739044189453125
37400,0.1525803953409195,0.06361313164234161,0.16531004011631012,22.632009506225586
37600,0.1528320461511612,0.06338746845722198,0.16545575857162476,22.526350021362305
37800,0.15308964252471924,0.06313598155975342,0.16559767723083496,22.41183090209961
38000,0.15330848097801208,0.06291669607162476,0.16571661829948425,22.31289291381836
38200,0.15355828404426575,0.0626736432313919,0.16585573554039001,22.20245361328125
38400,0.1537894904613495,0.0624362975358963,0.16598041355609894,22.096437454223633
38600,0.15402212738990784,0.062195781618356705,0.16610577702522278,21.989383697509766
38800,0.1542525738477707,0.06196695193648338,0.1662340611219406,21.88650894165039
39000,0.1544538289308548,0.061732836067676544,0.16633377969264984,21.78583335876465
39200,0.1546718180179596,0.0614950992166996,0.16644823551177979,21.681995391845703
39400,0.1548818200826645,0.06127391383051872,0.16656191647052765,21.58460235595703
39600,0.15510757267475128,0.061041414737701416,0.16668657958507538,21.48174285888672
39800,0.15531103312969208,0.06083055958151817,0.1667988896369934,21.388750076293945
40000,0.15549719333648682,0.06060948222875595,0.16689182817935944,21.29477310180664
40200,0.1557123363018036,0.06038178876042366,0.1670098602771759,21.195186614990234
40400,0.15592262148857117,0.060154009610414505,0.16712382435798645,21.0963134765625
40600,0.15612131357192993,0.05993623659014702,0.167231023311615,21.002201080322266
40800,0.15632525086402893,0.05971650779247284,0.1673428863286972,20.90694236755371
41000,0.1565314531326294,0.05949505418539047,0.1674567312002182,20.81098175048828
41200,0.15672829747200012,0.05927709490060806,0.1675635278224945,20.717403411865234
41400,0.1569269597530365,0.05905775725841522,0.16767194867134094,20.62328338623047
41600,0.15711911022663116,0.05885476991534233,0.16778048872947693,20.535293579101562
41800,0.1573055237531662,0.058645207434892654,0.16788175702095032,20.445999145507812
42000,0.15747524797916412,0.058444444090127945,0.16797086596488953,20.361608505249023
42200,0.15767218172550201,0.05822279304265976,0.16807857155799866,20.267414093017578
42400,0.1578529179096222,0.05800000578165054,0.16817118227481842,20.17487907409668
42600,0.15803483128547668,0.05779140442609787,0.16827017068862915,20.08684539794922
42800,0.15821024775505066,0.057566478848457336,0.16835790872573853,19.99445152282715
43000,0.15838980674743652,0.05737358704209328,0.16846086084842682,19.91192054748535
43200,0.15856625139713287,0.057177115231752396,0.1685599982738495,19.828704833984375
43400,0.15872199833393097,0.05697055906057358,0.16863663494586945,19.74473762512207
43600,0.15889126062393188,0.0567639134824276,0.16872632503509521,19.659271240234375
43800,0.15906254947185516,0.05655336007475853,0.16881698369979858,19.572416305541992
44000,0.15922725200653076,0.0563540980219841,0.1689055860042572,19.490013122558594
44200,0.1593836098909378,0.05615902319550514,0.16898807883262634,19.409975051879883
44400,0.15953366458415985,0.055970449000597,0.16906709969043732,19.332801818847656
44600,0.1596994251012802,0.055766064673662186,0.169156014919281,19.248889923095703
44800,0.1598585844039917,0.055567968636751175,0.16924116015434265,19.167810440063477
45000,0.16003519296646118,0.05537779629230499,0.1693456918001175,19.087417602539062
45200,0.16019336879253387,0.0551883690059185,0.1694333851337433,19.009389877319336
45400,0.16036243736743927,0.054992105811834335,0.16952946782112122,18.928062438964844
45600,0.16051429510116577,0.05479354038834572,0.16960889101028442,18.847972869873047
45800,0.16064999997615814,0.05460428446531296,0.16967631876468658,18.772687911987305
46000,0.16079172492027283,0.0544198714196682,0.16975131630897522,18.698360443115234
46200,0.16094638407230377,0.05423440411686897,0.16983848810195923,18.62236785888672
46400,0.16108332574367523,0.05404035001993179,0.16990643739700317,18.545608520507812
46600,0.16122499108314514,0.053851284086704254,0.16998076438903809,18.470001220703125
46800,0.16137555241584778,0.05366092920303345,0.17006340622901917,18.39310073852539
47000,0.16152043640613556,0.053470268845558167,0.17014087736606598,18.316781997680664
47200,0.16165851056575775,0.053295642137527466,0.17021721601486206,18.246374130249023
47400,0.1617853045463562,0.05311761051416397,0.1702820062637329,18.176122665405273
47600,0.16192388534545898,0.05293545499444008,0.17035700380802155,18.103376388549805
47800,0.1620645523071289,0.0527455173432827,0.17043182253837585,18.027992248535156
48000,0.16220684349536896,0.05256007984280586,0.17050988972187042,17.953943252563477
48200,0.16230525076389313,0.05240759998559952,0.17055657505989075,17.895023345947266
48400,0.16244252026081085,0.05221910774707794,0.17062944173812866,17.820627212524414
48600,0.16257968544960022,0.05203314870595932,0.17070326209068298,17.747114181518555
48800,0.1627131551504135,0.05186069756746292,0.17077793180942535,17.678363800048828
49000,0.16281862556934357,0.05169147998094559,0.17082715034484863,17.61354637145996
49200,0.16293789446353912,0.051523998379707336,0.17089024186134338,17.547924041748047
49400,0.16306941211223602,0.05134645849466324,0.17096225917339325,17.477903366088867
49600,0.16317804157733917,0.05117088556289673,0.1710132360458374,17.410865783691406
49800,0.16329869627952576,0.051001641899347305,0.17107786238193512,17.344690322875977
50000,0.16342338919639587,0.050817687064409256,0.17114216089248657,17.273460388183594
50200,0.1635315865278244,0.05065513402223587,0.1711973249912262,17.210758209228516
50400,0.16364870965480804,0.0504777617752552,0.17125684022903442,17.142478942871094
50600,0.16375648975372314,0.05032041296362877,0.1713135540485382,17.081565856933594
50800,0.16387611627578735,0.050157416611909866,0.17138013243675232,17.017730712890625
51000,0.16398532688617706,0.049990907311439514,0.17143593728542328,16.953834533691406
51200,0.16409093141555786,0.04982305318117142,0.17148810625076294,16.88990020751953
51400,0.16420014202594757,0.04966301843523979,0.17154620587825775,16.82815933227539
51600,0.16432377696037292,0.04950201138854027,0.1716180443763733,16.764759063720703
51800,0.1644468605518341,0.04933607950806618,0.17168815433979034,16.69989013671875
52000,0.1645449995994568,0.04918885603547096,0.17173992097377777,16.643436431884766
52200,0.16465328633785248,0.04902400076389313,0.17179656028747559,16.580415725708008
52400,0.1647786945104599,0.04885738343000412,0.17186930775642395,16.515249252319336
52600,0.16487467288970947,0.04869408160448074,0.17191500961780548,16.453975677490234
52800,0.1649627983570099,0.048558495938777924,0.17196118831634521,16.402332305908203
53000,0.16507458686828613,0.048387311398983,0.17202021181583405,16.337121963500977
53200,0.1651698499917984,0.048232316970825195,0.17206808924674988,16.27867317199707
53400,0.165269136428833,0.048073697835206985,0.17211905121803284,16.21872329711914
53600,0.16535493731498718,0.04792877659201622,0.1721610426902771,16.16443634033203
53800,0.16547206044197083,0.047766316682100296,0.1722283959388733,16.101680755615234
54000,0.16556832194328308,0.04762236773967743,0.17228104174137115,16.04680824279785
54200,0.16565999388694763,0.04746740683913231,0.17232638597488403,15.98886775970459
54400,0.16575129330158234,0.047318365424871445,0.1723732054233551,15.932883262634277
54600,0.16584576666355133,0.04716535657644272,0.1724221110343933,15.875375747680664
54800,0.16592948138713837,0.047020234167575836,0.17246302962303162,15.821393013000488
55000,0.16603024303913116,0.04686594381928444,0.17251798510551453,15.762968063354492
55200,0.16610847413539886,0.04672662541270256,0.17255550622940063,15.711390495300293
55400,0.1661999225616455,0.04657597094774246,0.1726028174161911,15.655031204223633
55600,0.16630400717258453,0.04643481969833374,0.1726650446653366,15.600608825683594
55800,0.16640178859233856,0.04628152400255203,0.1727180778980255,15.542906761169434
56000,0.1664864718914032,0.04613669961690903,0.1727609485387802,15.489106178283691
56200,0.16656512022018433,0.046009667217731476,0.1728028655052185,15.44155216217041
56400,0.16665583848953247,0.045869480818510056,0.17285305261611938,15.388755798339844
56600,0.16673438251018524,0.04572682082653046,0.17289099097251892,15.336264610290527
56800,0.16682316362857819,0.04558205232024193,0.17293840646743774,15.282232284545898
57000,0.16691362857818604,0.045440930873155594,0.17298853397369385,15.229246139526367
57200,0.16699360311031342,0.045307010412216187,0.17303059995174408,15.179500579833984
57400,0.1670708954334259,0.0451648123562336,0.17306801676750183,15.127367973327637
57600,0.16715936362743378,0.04502095654606819,0.17311598360538483,15.073763847351074
57800,0.16724389791488647,0.0448778010904789,0.17316043376922607,15.020752906799316
58000,0.16732574999332428,0.044743862003088,0.17320485413074493,14.970941543579102
58200,0.16740646958351135,0.04461122676730156,0.17324861884117126,14.921670913696289
58400,0.16748513281345367,0.04448215290904045,0.17329147458076477,14.873738288879395
58600,0.16756479442119598,0.044352393597364426,0.1733352094888687,14.82552433013916
58800,0.1676449477672577,0.04422450810670853,0.1733800321817398,14.777892112731934
59000,0.16772349178791046,0.04407934844493866,0.1734190136194229,14.724899291992188
59200,0.16779924929141998,0.0439523383975029,0.17346006631851196,14.677963256835938
59400,0.1678755283355713,0.043819934129714966,0.17350037395954132,14.62928295135498
59600,0.16794611513614655,0.043681126087903976,0.17353367805480957,14.579052925109863
59800,0.1680147349834442,0.04355531558394432,0.1735684871673584,14.533158302307129
60000,0.168097123503685,0.043426476418972015,0.173615962266922,14.485176086425781
60200,0.16816389560699463,0.04329928010702133,0.17364884912967682,14.439031600952148
60400,0.1682382971048355,0.04316747933626175,0.1736880987882614,14.390806198120117
60600,0.1683032512664795,0.043046481907367706,0.17372100055217743,14.346827507019043
60800,0.168380469083786,0.04291445016860962,0.17376314103603363,14.298341751098633
61000,0.16843724250793457,0.042784806340932846,0.1737862080335617,14.252298355102539
61200,0.16851291060447693,0.042658399790525436,0.17382848262786865,14.205775260925293
61400,0.16858917474746704,0.042546749114990234,0.17387506365776062,14.163942337036133
61600,0.16866110265254974,0.04241568595170975,0.17391279339790344,14.116276741027832
61800,0.1687328815460205,0.042294781655073166,0.17395295202732086,14.071891784667969
62000,0.16879497468471527,0.04216950386762619,0.17398279905319214,14.026901245117188
62200,0.16885802149772644,0.042048901319503784,0.17401479184627533,13.983345031738281
62400,0.1689261794090271,0.04193054512143135,0.17405235767364502,13.940115928649902
62600,0.16899104416370392,0.041800618171691895,0.17408408224582672,13.89346981048584
62800,0.16905218362808228,0.04168345779180527,0.17411532998085022,13.851213455200195
63000,0.1691204160451889,0.04156580567359924,0.17415347695350647,13.808256149291992
63200,0.1691804826259613,0.04145769402384758,0.17418603599071503,13.76900863647461
63400,0.1692425161600113,0.04132899269461632,0.17421570420265198,13.723040580749512
63600,0.16931208968162537,0.04121667519211769,0.17425671219825745,13.68173885345459
63800,0.16937752068042755,0.04108728468418121,0.174289733171463,13.635323524475098
64000,0.16945290565490723,0.040977124124765396,0.17433705925941467,13.594297409057617
64200,0.16949625313282013,0.040864694863557816,0.17435279488563538,13.555038452148438
64400,0.16955114901065826,0.04074528068304062,0.17437823116779327,13.51266860961914
64600,0.16961854696273804,0.040632590651512146,0.17441748082637787,13.4714994430542
64800,0.16967937350273132,0.040523238480091095,0.17445121705532074,13.43191909790039
65000,0.16973930597305298,0.04040335863828659,0.17448168992996216,13.389059066772461
65200,0.16978192329406738,0.04028742387890816,0.1744963526725769,13.348788261413574
65400,0.16984961926937103,0.040172282606363297,0.17453569173812866,13.306879997253418
65600,0.16991065442562103,0.04006092622876167,0.1745694875717163,13.266700744628906
65800,0.169969841837883,0.03995081037282944,0.17460186779499054,13.227073669433594
66000,0.17002621293067932,0.03984488174319267,0.17463254928588867,13.189008712768555
66200,0.17008601129055023,0.03974130377173424,0.17466717958450317,13.151453971862793
66400,0.17013490200042725,0.039622653275728226,0.17468783259391785,13.109909057617188
66600,0.17019419372081757,0.039523329585790634,0.1747230887413025,13.073777198791504
66800,0.17024819552898407,0.039409056305885315,0.17474989593029022,13.033275604248047
67000,0.17030087113380432,0.03929515555500984,0.17477557063102722,12.993003845214844
67200,0.17036199569702148,0.03918981924653053,0.1748114824295044,12.95486068725586
67400,0.1704176813364029,0.039076387882232666,0.17484036087989807,12.914543151855469
67600,0.1704634428024292,0.038973625749349594,0.17486202716827393,12.878372192382812
67800,0.17051754891872406,0.03886938840150833,0.17489159107208252,12.841132164001465
68000,0.17057344317436218,0.038760412484407425,0.1749219000339508,12.802260398864746
68200,0.1706155389547348,0.03865179046988487,0.17493891716003418,12.76451301574707
68400,0.1706688404083252,0.03854877129197121,0.1749681681394577,12.72775650024414
68600,0.17071467638015747,0.03845055401325226,0.17499127984046936,12.69308090209961
68800,0.17075705528259277,0.03834235295653343,0.1750088632106781,12.655474662780762
69000,0.17080770432949066,0.03824317455291748,0.17503660917282104,12.620165824890137
69200,0.17086751759052277,0.03814001381397247,0.17507247626781464,12.582942962646484
69400,0.17091409862041473,0.03803101181983948,0.17509421706199646,12.544811248779297
69600,0.17095881700515747,0.037938278168439865,0.17511776089668274,12.512017250061035
69800,0.17101222276687622,0.037824977189302444,0.17514538764953613,12.472047805786133
70000,0.17106425762176514,0.037734758108854294,0.175176739692688,12.439559936523438
70200,0.17111526429653168,0.03763044998049736,0.17520412802696228,12.402656555175781
70400,0.17116165161132812,0.03752847760915756,0.175227552652359,12.36683464050293
70600,0.1712135225534439,0.037429239600896835,0.17525701224803925,12.331513404846191
70800,0.17128877341747284,0.037346720695495605,0.17531292140483856,12.29991340637207
71000,0.17133021354675293,0.037245992571115494,0.17533200979232788,12.264867782592773
71200,0.17137406766414642,0.037142325192689896,0.17535285651683807,12.228724479675293
71400,0.17142771184444427,0.03704691305756569,0.17538508772850037,12.194549560546875
71600,0.17146378755569458,0.036955151706933975,0.1754010021686554,12.162760734558105
71800,0.17150820791721344,0.03685634210705757,0.17542365193367004,12.128156661987305
72000,0.17155297100543976,0.03675764426589012,0.17544668912887573,12.093573570251465
72200,0.17159403860569,0.03666520118713379,0.17546752095222473,12.061247825622559
72400,0.17162729799747467,0.03656971454620361,0.17548012733459473,12.02849006652832
72600,0.17167928814888,0.036474306136369705,0.17551110684871674,11.994491577148438
72800,0.17172007262706757,0.03637425974011421,0.17553023993968964,11.9597806930542
73000,0.17176173627376556,0.03627895563840866,0.17555129528045654,11.926531791687012
73200,0.17180663347244263,0.036185845732688904,0.17557601630687714,11.893774032592773
73400,0.17184102535247803,0.03609709441661835,0.1755913943052292,11.863125801086426
73600,0.1718926727771759,0.035999976098537445,0.17562200129032135,11.828653335571289
73800,0.17193053662776947,0.03591310977935791,0.1756412833929062,11.798388481140137
74000,0.17196978628635406,0.03582412376999855,0.17566153407096863,11.76735782623291
74200,0.17200271785259247,0.035732757300138474,0.1756751835346222,11.735994338989258
74400,0.17205262184143066,0.035639047622680664,0.17570501565933228,11.702764511108398
74600,0.17208793759346008,0.03554365038871765,0.17572025954723358,11.66997241973877
74800,0.17212167382240295,0.03545792028307915,0.1757359802722931,11.640372276306152
75000,0.17217066884040833,0.03537192940711975,0.17576663196086884,11.609697341918945
75200,0.17222046852111816,0.035276949405670166,0.17579632997512817,11.576107025146484
75400,0.17224670946598053,0.035185448825359344,0.17580372095108032,11.545175552368164
75600,0.1722847819328308,0.03509770706295967,0.17582347989082336,11.514678955078125
75800,0.17233246564865112,0.0350104384124279,0.17585282027721405,11.483717918395996
76000,0.17236874997615814,0.03492669016122818,0.17587171494960785,11.454626083374023
76200,0.1723988801240921,0.034844160079956055,0.17588487267494202,11.426326751708984
76400,0.17244592308998108,0.034750159829854965,0.17591239511966705,11.393281936645508
76600,0.17246465384960175,0.0346626378595829,0.1759134829044342,11.364133834838867
76800,0.17250631749629974,0.0345759391784668,0.17593726515769958,11.33377742767334
77000,0.1725534349679947,0.03448881208896637,0.17596638202667236,11.302947998046875
77200,0.17259174585342407,0.0344061553478241,0.17598776519298553,11.274112701416016
77400,0.17262059450149536,0.03431385010480881,0.1759980469942093,11.24280834197998
77600,0.17265798151493073,0.03423003852367401,0.17601840198040009,11.213677406311035
77800,0.17269280552864075,0.03415478765964508,0.17603792250156403,11.187448501586914
78000,0.17273861169815063,0.03407580778002739,0.17606757581233978,11.159343719482422
78200,0.17276537418365479,0.033988311886787415,0.17607691884040833,11.129724502563477
78400,0.17279495298862457,0.033903419971466064,0.1760895848274231,11.100764274597168
78600,0.17283296585083008,0.033814236521720886,0.17610973119735718,11.069911003112793
78800,0.17287224531173706,0.03373315930366516,0.17613273859024048,11.04157543182373
79000,0.1728961318731308,0.03365585580468178,0.1761413812637329,11.015405654907227
79200,0.17293208837509155,0.03357233852148056,0.1761607527732849,10.986509323120117
79400,0.17295658588409424,0.033490799367427826,0.1761692762374878,10.95895767211914
79600,0.1729920655488968,0.03340347483754158,0.17618751525878906,10.928884506225586
79800,0.17302736639976501,0.033329494297504425,0.17620816826820374,10.903088569641113
80000,0.17305849492549896,0.03325240686535835,0.17622417211532593,10.87656307220459
80200,0.17310583591461182,0.033169083297252655,0.1762549877166748,10.847060203552246
80400,0.17314106225967407,0.0330904945731163,0.17627482116222382,10.819818496704102
80600,0.17317287623882294,0.03301168978214264,0.17629128694534302,10.792719841003418
80800,0.17319688200950623,0.032928742468357086,0.1762993484735489,10.764779090881348
81000,0.17324039340019226,0.03285018354654312,0.1763274371623993,10.737060546875
81200,0.1732679307460785,0.032776687294244766,0.17634083330631256,10.711932182312012
81400,0.17328733205795288,0.03269823640584946,0.1763453185558319,10.685713768005371
81600,0.17332330346107483,0.03261217847466469,0.1763647496700287,10.656075477600098
81800,0.17335088551044464,0.032532911747694016,0.17637720704078674,10.62911319732666
82000,0.17339324951171875,0.03245911747217178,0.17640525102615356,10.603017807006836
82200,0.173436239361763,0.03238904848694801,0.17643462121486664,10.578082084655762
82400,0.17346130311489105,0.03231116011738777,0.17644499242305756,10.551726341247559
82600,0.17349109053611755,0.0322379395365715,0.1764608919620514,10.526582717895508
82800,0.17351414263248444,0.03216069936752319,0.17646946012973785,10.50055980682373
83000,0.1735432744026184,0.03208601847290993,0.17648451030254364,10.474996566772461
83200,0.17356976866722107,0.032007087022066116,0.176496222615242,10.448235511779785
83400,0.173599973320961,0.03193342685699463,0.17651258409023285,10.422945022583008
83600,0.17361624538898468,0.031860217452049255,0.1765153706073761,10.3986177444458
83800,0.17364829778671265,0.03178445249795914,0.17653322219848633,10.37255573272705
84000,0.17368194460868835,0.03171232342720032,0.17655335366725922,10.347561836242676
84200,0.17372006177902222,0.03163750469684601,0.17657744884490967,10.32145881652832
84400,0.17373651266098022,0.03156194090843201,0.17658010125160217,10.296380043029785
84600,0.17377141118049622,0.03149266541004181,0.1766020655632019,10.27224349975586
84800,0.17379975318908691,0.031419698148965836,0.17661696672439575,10.247313499450684
85000,0.1738147735595703,0.031346116214990616,0.17661866545677185,10.222955703735352
85200,0.173851877450943,0.03127477318048477,0.1766425371170044,10.198047637939453
85400,0.17387834191322327,0.031204843893647194,0.17665621638298035,10.17420482635498
85600,0.1739005148410797,0.031136248260736465,0.17666593194007874,10.15103816986084
85800,0.17393192648887634,0.031065842136740685,0.17668446898460388,10.1267671585083
86000,0.17395451664924622,0.030987488105893135,0.176692932844162,10.100468635559082
86200,0.17399783432483673,0.030919691547751427,0.17672373354434967,10.07636547088623
86400,0.17402435839176178,0.03085358627140522,0.17673826217651367,10.05376148223877
86600,0.17403686046600342,0.030782388523221016,0.17673815786838531,10.030326843261719
86800,0.17405815422534943,0.03070713020861149,0.17674604058265686,10.005101203918457
87000,0.17408008873462677,0.030642466619610786,0.17675644159317017,9.983223915100098
87200,0.17410394549369812,0.030574379488825798,0.17676815390586853,9.960148811340332
87400,0.17413069307804108,0.030503518879413605,0.1767822504043579,9.936029434204102
87600,0.1741558313369751,0.0304399561136961,0.1767960637807846,9.914331436157227
87800,0.1741820126771927,0.03037145920097828,0.17681005597114563,9.891006469726562
88000,0.17422181367874146,0.03030301071703434,0.17683754861354828,9.866943359375
88200,0.17423759400844574,0.030229676514863968,0.17684052884578705,9.842658996582031
88400,0.17427384853363037,0.03016708791255951,0.1768655627965927,9.820673942565918
88600,0.17429974675178528,0.03010060079395771,0.17687974870204926,9.798022270202637
88800,0.17431718111038208,0.030034886673092842,0.17688576877117157,9.776084899902344
89000,0.17434364557266235,0.02996404841542244,0.17689985036849976,9.752020835876465
89200,0.17436650395393372,0.029901502653956413,0.17691177129745483,9.730802536010742
89400,0.17439374327659607,0.029836663976311684,0.17692768573760986,9.70861530303955
89600,0.1744096428155899,0.02977117709815502,0.17693231999874115,9.686845779418945
89800,0.17442935705184937,0.02970028854906559,0.17693984508514404,9.663145065307617
90000,0.17445862293243408,0.029635606333613396,0.1769578456878662,9.640909194946289
90200,0.17449116706848145,0.029570475220680237,0.17697903513908386,9.618355751037598
90400,0.17449787259101868,0.029503168538212776,0.17697441577911377,9.596508979797363
90600,0.17452137172222137,0.029437068849802017,0.17698659002780914,9.574142456054688
90800,0.17455537617206573,0.02937687747180462,0.17701011896133423,9.553099632263184
91000,0.1745704859495163,0.029316000640392303,0.17701493203639984,9.532855033874512
91200,0.1745986044406891,0.029253674671053886,0.17703232169151306,9.511456489562988
91400,0.17461860179901123,0.029190028086304665,0.17704156041145325,9.490071296691895
91600,0.17465448379516602,0.02912418730556965,0.17706610262393951,9.467144012451172
91800,0.17467375099658966,0.029060205444693565,0.1770746111869812,9.445696830749512
92000,0.1746950000524521,0.028998201712965965,0.17708539962768555,9.424781799316406
92200,0.17472530901432037,0.028944162651896477,0.17710644006729126,9.405929565429688
92400,0.17474421858787537,0.028877412900328636,0.17711421847343445,9.383625984191895
92600,0.17476800084114075,0.02881648764014244,0.17712776362895966,9.362927436828613
92800,0.1747710406780243,0.028753086924552917,0.17712046205997467,9.34253215789795
93000,0.17480534315109253,0.028692761436104774,0.17714451253414154,9.321477890014648
93200,0.17481261491775513,0.02862526848912239,0.17714080214500427,9.299554824829102
93400,0.17483951151371002,0.028563987463712692,0.1771574467420578,9.278590202331543
93600,0.1748669594526291,0.028503648936748505,0.17717480659484863,9.257901191711426
93800,0.17489171028137207,0.02844676375389099,0.17719008028507233,9.238458633422852
94000,0.17490693926811218,0.02838345430791378,0.1771949827671051,9.217462539672852
94200,0.17492641508579254,0.02832353673875332,0.17720460891723633,9.197330474853516
94400,0.1749495565891266,0.028263429179787636,0.17721784114837646,9.176952362060547
94600,0.17497768998146057,0.028211280703544617,0.17723731696605682,9.158860206604004
94800,0.17499256134033203,0.028146427124738693,0.17724169790744781,9.137395858764648
95000,0.17501667141914368,0.028091007843613625,0.17725670337677002,9.118473052978516
95200,0.1750337779521942,0.02802981436252594,0.17726391553878784,9.098067283630371
95400,0.1750560998916626,0.027970071882009506,0.17727652192115784,9.077860832214355
95600,0.17507848143577576,0.027917033061385155,0.17729026079177856,9.059793472290039
95800,0.17509323358535767,0.027852866798639297,0.17729473114013672,9.038564682006836
96000,0.17510652542114258,0.027795057743787766,0.17729878425598145,9.019439697265625
96200,0.17512956261634827,0.02773876115679741,0.1773127317428589,9.000307083129883
96400,0.1751546561717987,0.027681807056069374,0.17732861638069153,8.980863571166992
96600,0.17519891262054443,0.027623694390058517,0.17736327648162842,8.960089683532715
96800,0.17520931363105774,0.027569765225052834,0.17736515402793884,8.942357063293457
97000,0.17524100840091705,0.027509698644280434,0.17738713324069977,8.921601295471191
97200,0.17526689171791077,0.02745971456170082,0.1774049699306488,8.904356956481934
97400,0.17527838051319122,0.027400607243180275,0.1774071753025055,8.884922981262207
97600,0.17530199885368347,0.02734784409403801,0.17742235958576202,8.866909980773926
97800,0.1753162294626236,0.02728617750108242,0.17742693424224854,8.846525192260742
98000,0.1753331422805786,0.027233801782131195,0.17743559181690216,8.828973770141602
98200,0.1753469556570053,0.027176639065146446,0.17744046449661255,8.810050964355469
98400,0.17536604404449463,0.027117112651467323,0.1774502545595169,8.79011344909668
98600,0.1753845363855362,0.027063481509685516,0.17746031284332275,8.772088050842285
98800,0.1754109114408493,0.02700706012547016,0.17747780680656433,8.752788543701172
99000,0.17542368173599243,0.026953576132655144,0.17748229205608368,8.735095977783203
99200,0.17545050382614136,0.026897849515080452,0.17750033736228943,8.716002464294434
99400,0.1754552721977234,0.026841532438993454,0.1774965524673462,8.697799682617188
99600,0.17547592520713806,0.02678777649998665,0.17750883102416992,8.679640769958496
99800,0.17548321187496185,0.026738794520497322,0.1775086522102356,8.663656234741211
100000,0.17550022900104523,0.026684245094656944,0.17751726508140564,8.64542293548584
100200,0.1755220890045166,0.026629135012626648,0.17753058671951294,8.626777648925781
100400,0.1755436807870865,0.02657397650182247,0.17754369974136353,8.608133316040039
100600,0.17556209862232208,0.026520544663071632,0.1775539070367813,8.590195655822754
100800,0.17558231949806213,0.02646750397980213,0.17756599187850952,8.572298049926758
101000,0.17558807134628296,0.02641505002975464,0.1775638461112976,8.555286407470703
101200,0.17560914158821106,0.026363428682088852,0.17757703363895416,8.537802696228027
101400,0.1756264716386795,0.026306385174393654,0.17758570611476898,8.518774032592773
101600,0.17564359307289124,0.026253370568156242,0.17759478092193604,8.5010404586792
101800,0.17565324902534485,0.02619984559714794,0.17759643495082855,8.483501434326172
102000,0.17567159235477448,0.02614770084619522,0.17760689556598663,8.46599006652832
102200,0.1756850779056549,0.026102615520358086,0.17761360108852386,8.450963973999023
102400,0.17570120096206665,0.026043426245450974,0.17762085795402527,8.431314468383789
102600,0.1757200062274933,0.025992846116423607,0.17763206362724304,8.414285659790039
102800,0.17573320865631104,0.025942830368876457,0.17763781547546387,8.397705078125
103000,0.1757502555847168,0.025889212265610695,0.17764684557914734,8.37979507446289
103200,0.17577630281448364,0.02584218792617321,0.17766577005386353,8.363566398620605
103400,0.17578956484794617,0.025791404768824577,0.17767152190208435,8.346741676330566
103600,0.17579694092273712,0.02573499269783497,0.1776706427335739,8.328397750854492
103800,0.17582540214061737,0.02568628266453743,0.1776917576789856,8.311527252197266
104000,0.175841823220253,0.025637563318014145,0.1777009516954422,8.295218467712402
104200,0.17586009204387665,0.025592893362045288,0.1777126044034958,8.28011703491211
104400,0.17588147521018982,0.025538677349686623,0.17772597074508667,8.261828422546387
104600,0.17588463425636292,0.025486016646027565,0.1777215152978897,8.244881629943848
104800,0.17591220140457153,0.025443196296691895,0.17774268984794617,8.229945182800293
105000,0.17592589557170868,0.02539043128490448,0.1777486950159073,8.212480545043945
105200,0.1759345680475235,0.02534002810716629,0.17775008082389832,8.196001052856445
105400,0.17594802379608154,0.025289267301559448,0.1777561455965042,8.17918872833252
105600,0.1759728044271469,0.02524297498166561,0.1777741014957428,8.163284301757812
105800,0.1759827584028244,0.02519485354423523,0.17777714133262634,8.147476196289062
106000,0.17599737644195557,0.02514634095132351,0.1777847409248352,8.131333351135254
106200,0.17601242661476135,0.025094443932175636,0.17779231071472168,8.114089965820312
106400,0.17601904273033142,0.025041870772838593,0.17779144644737244,8.097016334533691
106600,0.17602300643920898,0.024993570521473885,0.17778858542442322,8.081426620483398
106800,0.1760459542274475,0.024945715442299843,0.17780457437038422,8.065119743347168
107000,0.1760576069355011,0.024896377697587013,0.1778092086315155,8.048850059509277
107200,0.1760721206665039,0.0248530562967062,0.17781749367713928,8.034375190734863
107400,0.17608670890331268,0.02480563335120678,0.17782533168792725,8.01858901977539
107600,0.17609922587871552,0.024757742881774902,0.17783105373382568,8.00274658203125
107800,0.1761067509651184,0.02470770664513111,0.17783156037330627,7.986444473266602
108000,0.17612576484680176,0.024661602452397346,0.17784395813941956,7.970884799957275
108200,0.17614316940307617,0.024614660069346428,0.1778547167778015,7.955129623413086
108400,0.17615407705307007,0.024564793333411217,0.1778586208820343,7.93873405456543
108600,0.17616614699363708,0.0245214756578207,0.17786459624767303,7.924376487731934
108800,0.176176056265831,0.024476248770952225,0.17786818742752075,7.9095072746276855
109000,0.1761838048696518,0.024428334087133408,0.1778692603111267,7.893876552581787
109200,0.17619891464710236,0.024377668276429176,0.177877277135849,7.877043724060059
109400,0.17621643841266632,0.024332234635949135,0.177888423204422,7.861774444580078
109600,0.17622360587120056,0.024289550259709358,0.17788968980312347,7.847841262817383
109800,0.1762317270040512,0.024238556623458862,0.17789077758789062,7.831212997436523
110000,0.17625148594379425,0.024193713441491127,0.17790424823760986,7.816039562225342
110200,0.17626644670963287,0.024149851873517036,0.1779131144285202,7.801388740539551
110400,0.17628243565559387,0.024107888340950012,0.17792324721813202,7.787301540374756
110600,0.17628991603851318,0.02406264841556549,0.17792454361915588,7.772541522979736
110800,0.17629997432231903,0.02401447482407093,0.17792800068855286,7.756733417510986
111000,0.17630676925182343,0.023968592286109924,0.17792856693267822,7.7417988777160645
111200,0.17631803452968597,0.023919913917779922,0.17793317139148712,7.7257771492004395
111400,0.1763296127319336,0.023877665400505066,0.17793896794319153,7.711795330047607
111600,0.17634445428848267,0.02383306436240673,0.17794767022132874,7.696924686431885
111800,0.1763647496700287,0.02378890849649906,0.17796188592910767,7.6819610595703125
112000,0.17637529969215393,0.02374592237174511,0.17796659469604492,7.667791843414307
112200,0.17639586329460144,0.023699723184108734,0.17798082530498505,7.652170181274414
112400,0.17640428245067596,0.02366015873849392,0.17798392474651337,7.639185428619385
112600,0.1764204502105713,0.023613957688212395,0.1779937893152237,7.623752593994141
112800,0.17643603682518005,0.023569120094180107,0.17800331115722656,7.608782768249512
113000,0.17643307149410248,0.023526666685938835,0.1779947578907013,7.595365047454834
113200,0.17644451558589935,0.023481791839003563,0.17800018191337585,7.5805583000183105
113400,0.17645220458507538,0.02343851327896118,0.17800208926200867,7.5664238929748535
113600,0.17646554112434387,0.023391762748360634,0.17800915241241455,7.550941467285156
113800,0.17647866904735565,0.02334946021437645,0.17801660299301147,7.536890029907227
114000,0.17648716270923615,0.023305239155888557,0.17801924049854279,7.522421360015869
114200,0.17650245130062103,0.023264918476343155,0.1780291199684143,7.508912086486816
114400,0.17650505900382996,0.023226305842399597,0.17802667617797852,7.4964823722839355
114600,0.17652221024036407,0.023182634264230728,0.17803800106048584,7.481828212738037
114800,0.17653673887252808,0.023135606199502945,0.17804627120494843,7.466214656829834
115000,0.17656493186950684,0.02309577353298664,0.17806905508041382,7.452326774597168
115200,0.17657069861888885,0.023053759709000587,0.1780693382024765,7.438681602478027
115400,0.17658284306526184,0.023013316094875336,0.1780761331319809,7.42527437210083
115600,0.17659908533096313,0.022972218692302704,0.17808693647384644,7.4114861488342285
115800,0.17659440636634827,0.02292732521891594,0.17807653546333313,7.397356033325195
116000,0.1766037791967392,0.022885439917445183,0.17808042466640472,7.383605003356934
116200,0.17661871016025543,0.02284565195441246,0.17809012532234192,7.370292663574219
116400,0.1766166090965271,0.022803835570812225,0.178082674741745,7.35703706741333
116600,0.17663748562335968,0.022764386609196663,0.17809835076332092,7.34359073638916
116800,0.17663703858852386,0.02272239327430725,0.17809253931045532,7.3302083015441895
117000,0.17664992809295654,0.022681597620248795,0.17810013890266418,7.31666374206543
117200,0.176667720079422,0.02263873629271984,0.17811231315135956,7.3022589683532715
117400,0.17667044699192047,0.02259988896548748,0.17811007797718048,7.289753437042236
117600,0.17668241262435913,0.02255740948021412,0.1781165599822998,7.275710105895996
117800,0.176690012216568,0.02251509763300419,0.1781187504529953,7.261898994445801
118000,0.17670005559921265,0.02247515693306923,0.17812366783618927,7.248746395111084
118200,0.1767076849937439,0.022434502840042114,0.17812611162662506,7.2354631423950195
118400,0.17672103643417358,0.022394875064492226,0.17813435196876526,7.2222795486450195
118600,0.17675890028476715,0.022360006347298622,0.17816756665706635,7.209622859954834
118800,0.17676298320293427,0.022318150848150253,0.17816635966300964,7.19610595703125
119000,0.17678296566009521,0.02228175289928913,0.17818163335323334,7.183688640594482
119200,0.17679090797901154,0.022239690646529198,0.17818427085876465,7.169949531555176
119400,0.17680516839027405,0.022200442850589752,0.17819349467754364,7.156857967376709
119600,0.17681562900543213,0.022161230444908142,0.17819899320602417,7.143928050994873
119800,0.17682114243507385,0.022123483940958977,0.17819979786872864,7.131665229797363
120000,0.1768212616443634,0.02208239585161209,0.1781947910785675,7.118551254272461
120200,0.17682139575481415,0.02204405516386032,0.1781902015209198,7.1063127517700195
120400,0.17682769894599915,0.02200530469417572,0.1781916469335556,7.093698024749756
120600,0.17684400081634521,0.021967533975839615,0.17820318043231964,7.081000328063965
120800,0.17684832215309143,0.021926967427134514,0.17820248007774353,7.06788444519043
121000,0.17685078084468842,0.021886711940169334,0.17819996178150177,7.054943084716797
121200,0.1768682599067688,0.021850228309631348,0.17821283638477325,7.042611122131348
121400,0.17688851058483124,0.021811868995428085,0.1782282292842865,7.029575824737549
121600,0.17690515518188477,0.021774491295218468,0.17824018001556396,7.016995906829834
121800,0.17690622806549072,0.02173783630132675,0.17823676764965057,7.005258560180664
122000,0.176911860704422,0.021698083728551865,0.17823751270771027,6.992354393005371
122200,0.17695516347885132,0.02166387438774109,0.17827633023262024,6.979747772216797
122400,0.17695344984531403,0.021624578163027763,0.1782698631286621,6.967277526855469
122600,0.17696276307106018,0.0215899758040905,0.17827492952346802,6.955876350402832
122800,0.1769678145647049,0.021549750119447708,0.17827506363391876,6.942847728729248
123000,0.1769786775112152,0.02150968462228775,0.1782810240983963,6.929643154144287
123200,0.17699438333511353,0.021477123722434044,0.1782926768064499,6.918646812438965
123400,0.17701134085655212,0.021440258249640465,0.17830507457256317,6.906230926513672
123600,0.17702573537826538,0.021400852128863335,0.17831462621688843,6.893105506896973
123800,0.1770450919866562,0.021366965025663376,0.17832978069782257,6.8815484046936035
124000,0.17704632878303528,0.021327171474695206,0.17832624912261963,6.868808746337891
124200,0.17705997824668884,0.02129192277789116,0.17833559215068817,6.857039928436279
124400,0.17705751955509186,0.021254660561680794,0.1783287078142166,6.845247745513916
124600,0.1770874261856079,0.021218784153461456,0.17835411429405212,6.832659721374512
124800,0.17708608508110046,0.02118445560336113,0.17834870517253876,6.8217620849609375
125000,0.17708858847618103,0.021144632250070572,0.17834646999835968,6.808962821960449
125200,0.17709995806217194,0.021108074113726616,0.1783534288406372,6.796867847442627
125400,0.17710506916046143,0.021076131612062454,0.17835472524166107,6.786484241485596
125600,0.17711806297302246,0.02103852666914463,0.17836320400238037,6.773995399475098
125800,0.17712900042533875,0.021001772955060005,0.17836971580982208,6.761857509613037
126000,0.1771257072687149,0.020964914932847023,0.17836211621761322,6.7502241134643555
126200,0.17713835835456848,0.020931130275130272,0.17837071418762207,6.738969802856445
126400,0.1771479696035385,0.020893745124340057,0.17837586998939514,6.726682662963867
126600,0.17714782059192657,0.020858511328697205,0.1783716082572937,6.71544885635376
126800,0.1771657019853592,0.020821254700422287,0.17838501930236816,6.7028913497924805
127000,0.17717479169368744,0.020788099616765976,0.17839017510414124,6.691974639892578
127200,0.17718353867530823,0.020752057433128357,0.17839466035366058,6.680150032043457
127400,0.17720258235931396,0.020717477425932884,0.17840954661369324,6.6684088706970215
127600,0.17721474170684814,0.020683249458670616,0.1784176528453827,6.65703821182251
127800,0.1772075891494751,0.020645834505558014,0.178406223654747,6.6453704833984375
128000,0.17721891403198242,0.020611409097909927,0.1784134805202484,6.633967876434326
128200,0.17721281945705414,0.020576581358909607,0.17840342223644257,6.62308406829834
128400,0.1772206723690033,0.020541466772556305,0.17840717732906342,6.611590385437012
128600,0.17723692953586578,0.020510779693722725,0.1784197837114334,6.60120153427124
128800,0.17723819613456726,0.020472992211580276,0.17841669917106628,6.589100360870361
129000,0.17724698781967163,0.020438184961676598,0.17842146754264832,6.577671527862549
129200,0.17726688086986542,0.0204046331346035,0.17843735218048096,6.566237926483154
129400,0.17726266384124756,0.020369965583086014,0.17842921614646912,6.555333614349365
129600,0.17727628350257874,0.020338160917162895,0.17843912541866302,6.544688701629639
129800,0.17727403342723846,0.020302675664424896,0.17843285202980042,6.533451557159424
130000,0.17728105187416077,0.02026708424091339,0.1784357875585556,6.5218400955200195
130200,0.17728334665298462,0.020235566422343254,0.17843447625637054,6.511702060699463
130400,0.17728306353092194,0.02019994892179966,0.17843015491962433,6.500349044799805
130600,0.1773061603307724,0.02016707882285118,0.17844939231872559,6.489022731781006
130800,0.17730812728405,0.02013304829597473,0.17844751477241516,6.478094577789307
131000,0.17731407284736633,0.020099535584449768,0.1784496307373047,6.467188358306885
131200,0.17731478810310364,0.02006552740931511,0.17844651639461517,6.456313133239746
131400,0.17734192311763763,0.020034674555063248,0.17847001552581787,6.44549036026001
131600,0.1773427426815033,0.020001107826828957,0.1784670650959015,6.43475341796875
131800,0.17734739184379578,0.019967935979366302,0.17846797406673431,6.424002647399902
132000,0.17735476791858673,0.01993834413588047,0.17847199738025665,6.414299011230469
132200,0.1773679554462433,0.019902583211660385,0.1784811168909073,6.4024176597595215
132400,0.1773674637079239,0.019870111718773842,0.17847700417041779,6.392075061798096
132600,0.17738042771816254,0.01983596198260784,0.17848607897758484,6.380717754364014
132800,0.1773904711008072,0.01980414055287838,0.17849254608154297,6.370208263397217
133000,0.17737765610218048,0.019769221544265747,0.17847591638565063,6.359524250030518
133200,0.17740470170974731,0.019739151000976562,0.1784994751214981,6.34896993637085
133400,0.17741847038269043,0.019708409905433655,0.17850975692272186,6.3386735916137695
133600,0.17742270231246948,0.01967523619532585,0.17851029336452484,6.327941417694092
133800,0.17742297053337097,0.019644975662231445,0.1785072386264801,6.318277835845947
134000,0.17745499312877655,0.01961454562842846,0.17853572964668274,6.307441711425781
134200,0.1774619221687317,0.019581029191613197,0.1785389482975006,6.296506881713867
134400,0.1774725317955017,0.019551265984773636,0.1785462200641632,6.286640644073486
134600,0.1774846762418747,0.019519612193107605,0.17855481803417206,6.276116847991943
134800,0.17747071385383606,0.019485123455524445,0.17853717505931854,6.265605449676514
135000,0.17747344076633453,0.019452515989542007,0.1785363256931305,6.2551093101501465
135200,0.17746955156326294,0.019419685006141663,0.17852889001369476,6.244771957397461
135400,0.177480548620224,0.01938880980014801,0.17853645980358124,6.234536647796631
135600,0.17748235166072845,0.019356975331902504,0.17853479087352753,6.224318981170654
135800,0.17749856412410736,0.019327424466609955,0.1785477250814438,6.214327812194824
136000,0.17750446498394012,0.01929585263133049,0.17855018377304077,6.204050064086914
136200,0.17750675976276398,0.01926564797759056,0.17854918539524078,6.1943359375
136400,0.17751070857048035,0.019232528284192085,0.17854954302310944,6.183632850646973
136600,0.1775394082069397,0.01920350454747677,0.17857494950294495,6.17338228225708
136800,0.17753948271274567,0.019173121079802513,0.17857176065444946,6.163688659667969
137000,0.17758044600486755,0.01914551854133606,0.17860953509807587,6.1534743309021
137200,0.17758400738239288,0.019115207716822624,0.17860981822013855,6.1436848640441895
137400,0.17759321630001068,0.019083809107542038,0.17861562967300415,6.133354187011719
137600,0.17758814990520477,0.019055888056755066,0.17860762774944305,6.124621868133545
137800,0.17760269343852997,0.019022414460778236,0.17861849069595337,6.113447666168213
138000,0.17760559916496277,0.018991630524396896,0.17861811816692352,6.103530406951904
138200,0.17759539186954498,0.018959783017635345,0.1786045879125595,6.093719959259033
138400,0.1776179075241089,0.018930882215499878,0.17862389981746674,6.08373498916626
138600,0.17762218415737152,0.018900930881500244,0.1786249876022339,6.074037551879883
138800,0.17761769890785217,0.018869606778025627,0.1786172091960907,6.064197063446045
139000,0.17762066423892975,0.018841765820980072,0.1786172240972519,6.0552167892456055
139200,0.17764344811439514,0.018811937421560287,0.17863671481609344,6.044931888580322
139400,0.17764189839363098,0.01878037303686142,0.17863188683986664,6.034915924072266
139600,0.17765742540359497,0.01875128597021103,0.17864426970481873,6.0251145362854
139800,0.17765799164772034,0.018720930442214012,0.17864163219928741,6.015413761138916
140000,0.17765924334526062,0.01869102753698826,0.178639754652977,6.005832672119141
140200,0.17766128480434418,0.01866103522479534,0.17863865196704865,5.996199131011963
140400,0.1776764839887619,0.018632318824529648,0.17865076661109924,5.9865288734436035
140600,0.17768144607543945,0.018602726981043816,0.17865261435508728,5.976925849914551
140800,0.17768807709217072,0.018575448542833328,0.17865636944770813,5.9680023193359375
141000,0.1776903122663498,0.018544388934969902,0.17865537106990814,5.958021640777588
141200,0.17770737409591675,0.018516099080443382,0.17866940796375275,5.948430061340332
141400,0.1777074635028839,0.018486447632312775,0.17866641283035278,5.938970565795898
141600,0.17770124971866608,0.018456175923347473,0.17865711450576782,5.929519176483154
141800,0.17771956324577332,0.018429268151521683,0.17867255210876465,5.92033052444458
142000,0.17771758139133453,0.01839883252978325,0.17866744101047516,5.9106879234313965
142200,0.1777227818965912,0.018371913582086563,0.17866985499858856,5.90192985534668
142400,0.17772333323955536,0.01834130845963955,0.17866726219654083,5.892149448394775
142600,0.17773497104644775,0.01831265538930893,0.17867588996887207,5.882627010345459
142800,0.17773647606372833,0.018287142738699913,0.17867477238178253,5.874438762664795
143000,0.17774111032485962,0.018258338794112206,0.17867642641067505,5.865098476409912
143200,0.17773979902267456,0.01822800561785698,0.17867204546928406,5.855464935302734
143400,0.17774054408073425,0.01819773204624653,0.17866967618465424,5.845784664154053
143600,0.17775574326515198,0.018170254305005074,0.17868201434612274,5.836523056030273
143800,0.17776572704315186,0.01814311370253563,0.17868919670581818,5.827539443969727
144000,0.17777301371097565,0.018114324659109116,0.1786935031414032,5.818119049072266
144200,0.17777878046035767,0.018087489530444145,0.17869654297828674,5.809370994567871
144400,0.17778277397155762,0.01805962435901165,0.17869769036769867,5.800353527069092
144600,0.1777915507555008,0.018031364306807518,0.17870356142520905,5.7910542488098145
144800,0.17779164016246796,0.018002716824412346,0.1787007749080658,5.781913757324219
145000,0.17779137194156647,0.017975641414523125,0.17869777977466583,5.773285388946533
145200,0.17779654264450073,0.017947986721992493,0.17870014905929565,5.764297008514404
145400,0.17779377102851868,0.01791761815547943,0.17869433760643005,5.754696846008301
145600,0.17779558897018433,0.017889762297272682,0.17869336903095245,5.745753288269043
145800,0.17781299352645874,0.01786516048014164,0.17870821058750153,5.73734712600708
146000,0.17781515419483185,0.0178357120603323,0.17870742082595825,5.72788143157959
146200,0.17782104015350342,0.017808420583605766,0.17871055006980896,5.718988418579102
146400,0.17783917486667633,0.017782561480998993,0.17872601747512817,5.710160732269287
146600,0.17783506214618683,0.017755024135112762,0.1787191927433014,5.701507568359375
146800,0.1778533160686493,0.01772860437631607,0.17873474955558777,5.692497730255127
147000,0.17786674201488495,0.01770165003836155,0.17874543368816376,5.683473587036133
147200,0.17787091434001923,0.017675165086984634,0.17874693870544434,5.674892902374268
147400,0.17787188291549683,0.017647521570324898,0.17874516546726227,5.666046619415283
147600,0.17787250876426697,0.017620781436562538,0.1787431687116623,5.657496929168701
147800,0.1778768002986908,0.01759386621415615,0.17874479293823242,5.64877462387085
148000,0.1778901219367981,0.01756734400987625,0.17875543236732483,5.639894962310791
148200,0.1778869330883026,0.017539577558636665,0.17874953150749207,5.631138801574707
148400,0.17787691950798035,0.017511481419205666,0.1787368208169937,5.622489929199219
148600,0.17792297899723053,0.017488783225417137,0.1787804365158081,5.613804340362549
148800,0.17792679369449615,0.017461998388171196,0.17878161370754242,5.605141639709473
149000,0.17793244123458862,0.017436964437365532,0.1787847876548767,5.596981525421143
149200,0.1779325157403946,0.01741023361682892,0.17878225445747375,5.588451862335205
149400,0.17794615030288696,0.01738428883254528,0.1787933111190796,5.579751968383789
149600,0.17794805765151978,0.017360663041472435,0.17879289388656616,5.572158336639404
149800,0.17795370519161224,0.017332158982753754,0.17879575490951538,5.562891960144043
150000,0.1779618263244629,0.017305053770542145,0.17880122363567352,5.5539937019348145
150200,0.17795954644680023,0.017277881503105164,0.17879632115364075,5.545398235321045
150400,0.17796553671360016,0.01725207455456257,0.1787997931241989,5.536981105804443
150600,0.1779727041721344,0.017226330935955048,0.1788044422864914,5.528549671173096
150800,0.17798276245594025,0.017200728878378868,0.17881199717521667,5.520073413848877
151000,0.17796945571899414,0.01717321388423443,0.17879611253738403,5.511707782745361
151200,0.17797526717185974,0.017147555947303772,0.17879942059516907,5.503344535827637
151400,0.17799639701843262,0.01712576299905777,0.17881837487220764,5.495744228363037
151600,0.1779930740594864,0.017100492492318153,0.1788126528263092,5.487786769866943
151800,0.17799487709999084,0.017072420567274094,0.17881175875663757,5.478776454925537
152000,0.1780080497264862,0.01704702340066433,0.17882242798805237,5.470274448394775
152200,0.17801396548748016,0.01702192798256874,0.17882594466209412,5.462090015411377
152400,0.17801998555660248,0.01699620671570301,0.17882949113845825,5.453702926635742
152600,0.17801453173160553,0.016969570890069008,0.17882153391838074,5.445373058319092
152800,0.1780174970626831,0.01694488897919655,0.17882214486598969,5.437409400939941
153000,0.17802952229976654,0.016919462010264397,0.17883171141147614,5.428934574127197
153200,0.17803168296813965,0.016893982887268066,0.17883144319057465,5.420743465423584
153400,0.17804715037345886,0.016870124265551567,0.1788446009159088,5.412665367126465
153600,0.17804034054279327,0.016843847930431366,0.17883534729480743,5.404491424560547
153800,0.1780485063791275,0.016819339245557785,0.17884115874767303,5.396428108215332
154000,0.1780516803264618,0.016794467344880104,0.1788419783115387,5.388399124145508
154200,0.17805039882659912,0.0167706236243248,0.17883847653865814,5.380831241607666
154400,0.17806735634803772,0.016745638102293015,0.17885300517082214,5.372353553771973
154600,0.1780758798122406,0.016720972955226898,0.17885920405387878,5.364232063293457
154800,0.17807236313819885,0.01669570803642273,0.1788533329963684,5.356278419494629
155000,0.17807623744010925,0.01667119190096855,0.17885491251945496,5.348343372344971
155200,0.17806528508663177,0.016644969582557678,0.17884154617786407,5.340305805206299
155400,0.17807255685329437,0.01662079431116581,0.1788465529680252,5.332377910614014
155600,0.1780831664800644,0.016597433015704155,0.17885492742061615,5.324612140655518
155800,0.17809253931045532,0.01657288894057274,0.17886199057102203,5.316504955291748
156000,0.17808730900287628,0.016548044979572296,0.17885449528694153,5.308735370635986
156200,0.17807981371879578,0.01652291789650917,0.17884469032287598,5.3009419441223145
156400,0.17808297276496887,0.01649886555969715,0.1788456290960312,5.293176174163818
156600,0.17809873819351196,0.016475236043334007,0.178859144449234,5.285172939300537
156800,0.17810864746570587,0.016451790928840637,0.17886684834957123,5.277401924133301
157000,0.17812174558639526,0.016428710892796516,0.17887777090072632,5.269654750823975
157200,0.17812982201576233,0.016405120491981506,0.1788836419582367,5.2618937492370605
157400,0.17812585830688477,0.01638047955930233,0.17887745797634125,5.254149913787842
157600,0.17812484502792358,0.016356583684682846,0.17887425422668457,5.24655818939209
157800,0.1781303882598877,0.016332533210515976,0.1788775771856308,5.238724231719971
158000,0.17813584208488464,0.016309399157762527,0.17888088524341583,5.231185436248779
158200,0.1781267374753952,0.01628384180366993,0.17886950075626373,5.223299980163574
158400,0.17813877761363983,0.016260981559753418,0.17887941002845764,5.2156572341918945
158600,0.17813897132873535,0.016237225383520126,0.17887745797634125,5.208073616027832
158800,0.178156778216362,0.016215136274695396,0.17889319360256195,5.200509071350098
159000,0.1781643033027649,0.016191978007555008,0.17889857292175293,5.192905426025391
159200,0.1781669706106186,0.01616799272596836,0.17889904975891113,5.185176849365234
159400,0.17816640436649323,0.016145208850502968,0.1788964420557022,5.177927017211914
159600,0.17820069193840027,0.016124265268445015,0.1789287030696869,5.170256614685059
159800,0.1782042682170868,0.016101745888590813,0.17893023788928986,5.1629719734191895
160000,0.1782044768333435,0.01607752963900566,0.17892825603485107,5.155242443084717
160200,0.1782130002975464,0.01605464704334736,0.17893469333648682,5.14769983291626
160400,0.17820550501346588,0.016030700877308846,0.17892509698867798,5.14027738571167
160600,0.17821171879768372,0.01600840501487255,0.17892926931381226,5.132989406585693
160800,0.1782212257385254,0.01598588190972805,0.17893673479557037,5.1255340576171875
161000,0.17823795974254608,0.015964152291417122,0.1789514720439911,5.118124961853027
161200,0.17823036015033722,0.015939073637127876,0.17894165217876434,5.110345840454102
161400,0.17823633551597595,0.015917031094431877,0.1789456307888031,5.103145122528076
161600,0.17824770510196686,0.015894198790192604,0.17895495891571045,5.095539093017578
161800,0.1782330423593521,0.015871195122599602,0.17893828451633453,5.088620662689209
162000,0.17824198305606842,0.015847524628043175,0.17894509434700012,5.080817222595215
162200,0.17824052274227142,0.01582423783838749,0.17894157767295837,5.073431968688965
162400,0.17824123799800873,0.015801353380084038,0.17894026637077332,5.0661115646362305
162600,0.17824438214302063,0.01577902026474476,0.17894142866134644,5.058900833129883
162800,0.1782410591840744,0.015757087618112564,0.1789361983537674,5.051998615264893
163000,0.17824524641036987,0.01573655754327774,0.17893855273723602,5.045332431793213
163200,0.17826750874519348,0.01571567915380001,0.17895889282226562,5.038048267364502
163400,0.17826826870441437,0.01569134183228016,0.1789575219154358,5.030263423919678
163600,0.17827001214027405,0.01566765271127224,0.17895716428756714,5.022659778594971
163800,0.17826618254184723,0.015644822269678116,0.17895135283470154,5.015486240386963
164000,0.1782669723033905,0.015624170191586018,0.17895035445690155,5.008876323699951
164200,0.178274005651474,0.015601531602442265,0.17895537614822388,5.001458644866943
164400,0.1782705932855606,0.015578469261527061,0.1789499819278717,4.994198322296143
164600,0.1782727837562561,0.015556498430669308,0.178950235247612,4.987130641937256
164800,0.17828337848186493,0.015534106642007828,0.17895884811878204,4.979692459106445
165000,0.1782897412776947,0.015513577498495579,0.17896342277526855,4.972968578338623
165200,0.17829689383506775,0.015492604114115238,0.17896872758865356,4.966080188751221
165400,0.17832288146018982,0.015471150167286396,0.17899274826049805,4.958518981933594
165600,0.1783268004655838,0.01545070018619299,0.17899489402770996,4.951888561248779
165800,0.1783355474472046,0.015428573824465275,0.17900168895721436,4.944592475891113
166000,0.17832867801189423,0.015405304729938507,0.1789928674697876,4.937360763549805
166200,0.17831432819366455,0.015382644720375538,0.1789766103029251,4.93052864074707
166400,0.17830519378185272,0.015359247103333473,0.1789655089378357,4.923316478729248
166600,0.17831440269947052,0.015340449288487434,0.17897304892539978,4.9170684814453125
166800,0.17830413579940796,0.015315774828195572,0.17896072566509247,4.909478187561035
167000,0.1783161610364914,0.015294574201107025,0.17897088825702667,4.902386665344238
167200,0.17830514907836914,0.01527352537959814,0.17895810306072235,4.895975112915039
167400,0.17831458151340485,0.015251713804900646,0.17896564304828644,4.888758659362793
167600,0.17832708358764648,0.015232475474476814,0.17897646129131317,4.882282257080078
167800,0.1783384382724762,0.015210822224617004,0.17898593842983246,4.87506628036499
168000,0.17835049331188202,0.015190157108008862,0.17899619042873383,4.868146896362305
168200,0.17835426330566406,0.015168441459536552,0.17899811267852783,4.861118793487549
168400,0.17834480106830597,0.015146140940487385,0.1789868026971817,4.8542633056640625
168600,0.17834213376045227,0.015124279074370861,0.17898228764533997,4.847361087799072
168800,0.1783522367477417,0.015105701051652431,0.17899078130722046,4.84116268157959
169000,0.1783384084701538,0.015081916935741901,0.17897500097751617,4.833950042724609
169200,0.17835471034049988,0.015061681158840656,0.17898952960968018,4.827054977416992
169400,0.17835624516010284,0.015041820704936981,0.17898939549922943,4.8206787109375
169600,0.1783517301082611,0.015019048936665058,0.17898298799991608,4.813536167144775
169800,0.17836597561836243,0.015000603161752224,0.17899563908576965,4.80726957321167
170000,0.1784035563468933,0.014984156005084515,0.17903171479701996,4.801016807556152
170200,0.17840662598609924,0.014962785877287388,0.17903296649456024,4.794119834899902
170400,0.17841316759586334,0.014941937290132046,0.17903776466846466,4.787296295166016
170600,0.17841821908950806,0.014920865185558796,0.1790410280227661,4.780440807342529
170800,0.17840483784675598,0.014897534623742104,0.1790257692337036,4.77335786819458
171000,0.17840930819511414,0.014876808039844036,0.1790284812450409,4.766628265380859
171200,0.17841312289237976,0.01485742162913084,0.17903068661689758,4.760343074798584
171400,0.17842048406600952,0.014836881309747696,0.17903631925582886,4.753597736358643
171600,0.17843247950077057,0.014819095842540264,0.17904679477214813,4.747607707977295
171800,0.17842444777488708,0.01479613408446312,0.17903688549995422,4.740497589111328
172000,0.1784326136112213,0.014776807278394699,0.17904342710971832,4.734116554260254
172200,0.17843858897686005,0.0147567642852664,0.17904773354530334,4.72756814956665
172400,0.178433358669281,0.014734839089214802,0.17904071509838104,4.720712184906006
172600,0.17843738198280334,0.014714362099766731,0.17904303967952728,4.714076995849609
172800,0.1784404218196869,0.01469434518367052,0.1790444254875183,4.707612037658691
173000,0.1784399002790451,0.014676588587462902,0.17904244363307953,4.701963424682617
173200,0.17843538522720337,0.01465464849025011,0.17903617024421692,4.6950836181640625
173400,0.17843849956989288,0.014632834121584892,0.17903748154640198,4.688045501708984
173600,0.17844432592391968,0.014614688232541084,0.1790418028831482,4.682104587554932
173800,0.17845302820205688,0.014595295302569866,0.17904888093471527,4.675693035125732
174000,0.17844823002815247,0.014575374312698841,0.1790424883365631,4.669463634490967
174200,0.17846214771270752,0.014554363675415516,0.1790546476840973,4.6624016761779785
174400,0.17846977710723877,0.014535490423440933,0.17906072735786438,4.656182289123535
174600,0.17848443984985352,0.0145175252109766,0.17907388508319855,4.650073051452637
174800,0.17846742272377014,0.014495342038571835,0.1790551245212555,4.643438816070557
175000,0.17846480011940002,0.014474443159997463,0.17905081808567047,4.6368408203125
175200,0.17846496403217316,0.014454060234129429,0.1790493279695511,4.630336761474609
175400,0.1784735471010208,0.014434135518968105,0.1790562868118286,4.623759746551514
175600,0.17847347259521484,0.014414439909160137,0.1790546178817749,4.61747932434082
175800,0.17847079038619995,0.014393984340131283,0.1790502965450287,4.611024856567383
176000,0.17846639454364777,0.014374613761901855,0.17904436588287354,4.604957580566406
176200,0.1784769594669342,0.014355414547026157,0.17905335128307343,4.598562717437744
176400,0.17848804593086243,0.014336291700601578,0.1790628880262375,4.592180252075195
176600,0.17848525941371918,0.014317948371171951,0.17905862629413605,4.586400032043457
176800,0.1785019040107727,0.01429848000407219,0.17907366156578064,4.579766273498535
177000,0.17850171029567719,0.014278631657361984,0.17907190322875977,4.573440074920654
177200,0.17851576209068298,0.014259668998420238,0.1790843904018402,4.567033290863037
177400,0.17849856615066528,0.01423888374119997,0.17906558513641357,4.560843467712402
177600,0.17848479747772217,0.014218117110431194,0.17905020713806152,4.554567813873291
177800,0.1784898340702057,0.014199997298419476,0.17905379831790924,4.548659801483154
178000,0.1784932166337967,0.014180813916027546,0.17905566096305847,4.54245662689209
178200,0.17849484086036682,0.014161835424602032,0.17905576527118683,4.536360263824463
178400,0.1785043478012085,0.01414327323436737,0.17906376719474792,4.5301995277404785
178600,0.17850251495838165,0.014123331755399704,0.17906036972999573,4.523885250091553
178800,0.17849500477313995,0.014103279449045658,0.17905130982398987,4.517678260803223
179000,0.17850443720817566,0.014084630645811558,0.179059237241745,4.51149320602417
179200,0.17852067947387695,0.014067578129470348,0.17907409369945526,4.505645275115967
179400,0.17850247025489807,0.01404604408890009,0.17905424535274506,4.499233245849609
179600,0.17850491404533386,0.014028317295014858,0.17905528843402863,4.493516445159912
179800,0.17850151658058167,0.014008491300046444,0.17905035614967346,4.487277030944824
180000,0.17855201661586761,0.013994081877171993,0.17909955978393555,4.481418609619141
180200,0.17855361104011536,0.013974629342556,0.17909963428974152,4.4751739501953125
180400,0.178565114736557,0.013957061804831028,0.17910975217819214,4.469284534454346
180600,0.17857088148593903,0.013938091695308685,0.17911401391029358,4.4630913734436035
180800,0.17857125401496887,0.013919444754719734,0.17911294102668762,4.457135200500488
181000,0.17856775224208832,0.013900651596486568,0.17910797894001007,4.451229095458984
181200,0.1785750687122345,0.013882802799344063,0.17911387979984283,4.4453535079956055
181400,0.17857584357261658,0.013863584958016872,0.17911317944526672,4.439206123352051
181600,0.17856775224208832,0.013844476081430912,0.17910364270210266,4.433311462402344
181800,0.17857283353805542,0.013827545568346977,0.1791073977947235,4.427785873413086
182000,0.1785779446363449,0.013807724229991436,0.17911094427108765,4.421338081359863
182200,0.17857107520103455,0.01378930825740099,0.17910268902778625,4.415633678436279
182400,0.17857742309570312,0.013770966790616512,0.17910760641098022,4.409627914428711
182600,0.1786043345928192,0.013754273764789104,0.17913316190242767,4.403641223907471
182800,0.1785857230424881,0.013734263367950916,0.17911306023597717,4.397717475891113
183000,0.1785951852798462,0.013716441579163074,0.17912112176418304,4.391800880432129
183200,0.1786007285118103,0.013698366470634937,0.17912527918815613,4.385900020599365
183400,0.17859765887260437,0.013680162839591503,0.17912083864212036,4.38016939163208
183600,0.178603857755661,0.013662392273545265,0.17912565171718597,4.374351501464844
183800,0.178603857755661,0.013645119965076447,0.17912432551383972,4.368841171264648
184000,0.17861241102218628,0.01362732145935297,0.17913150787353516,4.36295747756958
184200,0.17860892415046692,0.013607993721961975,0.1791265606880188,4.356878280639648
184400,0.1786121279001236,0.013591025955975056,0.1791284680366516,4.351388454437256
184600,0.17861159145832062,0.013572079129517078,0.17912650108337402,4.345357418060303
184800,0.17861692607402802,0.013554935343563557,0.17913050949573517,4.339761734008789
185000,0.17863333225250244,0.01353861577808857,0.1791456639766693,4.3341593742370605
185200,0.17863178253173828,0.01352098397910595,0.1791427582502365,4.328574180603027
185400,0.1786275953054428,0.013501517474651337,0.17913712561130524,4.3224663734436035
185600,0.1786274015903473,0.013483410701155663,0.17913557589054108,4.316696643829346
185800,0.17862080037593842,0.0134666683152318,0.17912772297859192,4.311515808105469
186000,0.17861732840538025,0.013448898680508137,0.1791229248046875,4.3059306144714355
186200,0.17862766981124878,0.013429696671664715,0.17913180589675903,4.299557685852051
186400,0.17863132059574127,0.013412708416581154,0.17913416028022766,4.294052600860596
186600,0.17862454056739807,0.013393793255090714,0.17912599444389343,4.288181781768799
186800,0.17864003777503967,0.01337729673832655,0.17914022505283356,4.282548904418945
187000,0.17863669991493225,0.013360097073018551,0.17913560569286346,4.277142524719238
187200,0.1786365956068039,0.013341560028493404,0.17913410067558289,4.271233081817627
187400,0.17863374948501587,0.013325042091310024,0.17913004755973816,4.2660322189331055
187600,0.17863449454307556,0.013306068256497383,0.17912939190864563,4.259963035583496
187800,0.17862899601459503,0.013287746347486973,0.17912253737449646,4.254249572753906
188000,0.17862796783447266,0.013272054493427277,0.17912036180496216,4.249267101287842
188200,0.17862552404403687,0.01325282920151949,0.17911647260189056,4.24319314956665
188400,0.1786338984966278,0.01323727611452341,0.1791236847639084,4.238033294677734
188600,0.17863714694976807,0.013219003565609455,0.17912557721138,4.232128620147705
188800,0.178660586476326,0.013203233480453491,0.17914777994155884,4.2265448570251465
189000,0.17866024374961853,0.013186347670853138,0.17914621531963348,4.221166133880615
189200,0.17866477370262146,0.01316885743290186,0.17914943397045135,4.215481758117676
189400,0.17868657410144806,0.013153688050806522,0.17917004227638245,4.210131645202637
189600,0.17870385944843292,0.01313766185194254,0.1791861206293106,4.204614639282227
189800,0.17870250344276428,0.013121736235916615,0.17918360233306885,4.1995673179626465
190000,0.17870303988456726,0.01310352236032486,0.17918281257152557,4.193746089935303
190200,0.17871415615081787,0.013086304999887943,0.1791926473379135,4.187996864318848
190400,0.1787029653787613,0.013068263418972492,0.17918014526367188,4.182503700256348
190600,0.17871133983135223,0.013051840476691723,0.17918729782104492,4.177072048187256
190800,0.17872437834739685,0.013036583550274372,0.17919921875,4.171903133392334
191000,0.17871379852294922,0.013018487952649593,0.1791873425245285,4.166377544403076
191200,0.17872081696987152,0.013003721833229065,0.17919325828552246,4.161506175994873
191400,0.17871907353401184,0.012985889799892902,0.1791902333498001,4.155859470367432
191600,0.17872585356235504,0.012968863360583782,0.17919576168060303,4.15027379989624
191800,0.1787155270576477,0.012949912808835506,0.17918407917022705,4.144468307495117
192000,0.17872406542301178,0.012933512218296528,0.1791914403438568,4.139039993286133
192200,0.1787162721157074,0.012916488572955132,0.17918242514133453,4.133790493011475
192400,0.17873390018939972,0.012902424670755863,0.1791989952325821,4.128900527954102
192600,0.17872969806194305,0.012884411960840225,0.17919351160526276,4.123251914978027
192800,0.17874495685100555,0.012869522906839848,0.17920765280723572,4.118153095245361
193000,0.17873190343379974,0.012850525788962841,0.17919327318668365,4.112395286560059
193200,0.17875787615776062,0.012835550121963024,0.1792181134223938,4.107023239135742
193400,0.17874673008918762,0.012819280847907066,0.17920580506324768,4.102090358734131
193600,0.1787564903497696,0.012803269550204277,0.17921441793441772,4.096761226654053
193800,0.17876453697681427,0.012786964885890484,0.1792212724685669,4.091379165649414
194000,0.17876005172729492,0.012770614586770535,0.17921562492847443,4.086267948150635
194200,0.17876273393630981,0.012753237038850784,0.17921707034111023,4.080663681030273
194400,0.1787545531988144,0.01273556612432003,0.1792076677083969,4.0752153396606445
194600,0.1787525862455368,0.01271933875977993,0.1792045384645462,4.070084095001221
194800,0.17876456677913666,0.012703641317784786,0.17921537160873413,4.064807415008545
195000,0.17875826358795166,0.012686377391219139,0.17920786142349243,4.059444427490234
195200,0.17874714732170105,0.012669093906879425,0.1791955679655075,4.054183483123779
195400,0.1787407100200653,0.01265180204063654,0.17918792366981506,4.0488128662109375
195600,0.17875990271568298,0.012636477127671242,0.1792059689760208,4.043492317199707
195800,0.1787624955177307,0.012620635330677032,0.1792074590921402,4.038381576538086
196000,0.1787695586681366,0.012605668976902962,0.17921344935894012,4.033450126647949
196200,0.17876207828521729,0.012588776648044586,0.1792048066854477,4.0282301902771
196400,0.1787511259317398,0.012572732754051685,0.17919273674488068,4.023360252380371
196600,0.17875927686691284,0.01255661528557539,0.17919975519180298,4.018036365509033
196800,0.17876717448234558,0.012542136013507843,0.17920660972595215,4.013241291046143
197000,0.17875982820987701,0.012523861601948738,0.1791980117559433,4.007577419281006
197200,0.17877164483070374,0.012508460320532322,0.17920872569084167,4.0024003982543945
197400,0.1787864863872528,0.012495521456003189,0.17922261357307434,3.99794340133667
197600,0.1787743866443634,0.012478388845920563,0.17920935153961182,3.992748975753784
197800,0.17877911031246185,0.012461159378290176,0.17921285331249237,3.9871482849121094
198000,0.17877233028411865,0.012444592081010342,0.17920495569705963,3.982015609741211
198200,0.17877605557441711,0.012429254129529,0.17920759320259094,3.977041482925415
198400,0.17876778542995453,0.012412622570991516,0.17919820547103882,3.971918821334839
198600,0.17879332602024078,0.012400888837873936,0.17922285199165344,3.9676125049591064
198800,0.17881867289543152,0.012384484522044659,0.17924702167510986,3.961820125579834
199000,0.17882069945335388,0.012368427589535713,0.1792479157447815,3.9566550254821777
199200,0.17882835865020752,0.012352951802313328,0.17925450205802917,3.9515509605407715
199400,0.17881549894809723,0.012336484156548977,0.17924053966999054,3.9465839862823486
199600,0.178813636302948,0.012319912202656269,0.17923752963542938,3.941338062286377
199800,0.178814098238945,0.012304701842367649,0.17923696339130402,3.936478614807129
200000,0.1788119226694107,0.012288457714021206,0.17923367023468018,3.9313457012176514
