Barrido en frecuencia -> f_inicial:100, f_final:100000, f_step:100
Parametros -> N: 100, Fuente: 1, F_dac:99895.987660 
Formato -> f,r,phi

100.000000000000,3667.038898411466,-0.367860858383
200.000000000000,3666.575024512268,-0.734644595649
300.000000000000,3665.886939044226,-1.099919075213
400.000000000000,3665.189790186888,-1.464084132135
500.000000000000,3664.333880851184,-1.828659259241
600.000000000000,3663.162043676728,-2.192603847321
700.000000000000,3662.047696231152,-2.556859961104
800.000000000000,3660.688953485868,-2.917799178210
900.000000000000,3659.230516957584,-3.279911215643
1000.000000000000,3657.663744989274,-3.643369985188
1100.000000000000,3655.781382401989,-4.004172261273
1200.000000000000,3654.058158164471,-4.365915688942
1300.000000000000,3651.958050149157,-4.724392367295
1400.000000000000,3649.667270884876,-5.084065472305
1500.000000000000,3647.313793755879,-5.444306468885
1600.000000000000,3644.759047893391,-5.806161793854
1700.000000000000,3642.167228941250,-6.159191351036
1800.000000000000,3639.431767419419,-6.517197641646
1900.000000000000,3636.504008138624,-6.873892800642
2000.000000000000,3633.564325997818,-7.229166091749
2100.000000000000,3630.386594221127,-7.584278936237
2200.000000000000,3627.092798366541,-7.939713005376
2300.000000000000,3623.703239910205,-8.295445234011
2400.000000000000,3620.071702041866,-8.645684038028
2500.000000000000,3616.344595821465,-9.005213009135
2600.000000000000,3612.472208423045,-9.356616604813
2700.000000000000,3608.497600541305,-9.697429318176
2800.000000000000,3604.463910884727,-10.049526767964
2900.000000000000,3600.275158167383,-10.399117640667
3000.000000000000,3595.805274451425,-10.746444411127
3100.000000000000,3591.338909337205,-11.090534960198
3200.000000000000,3586.779860073388,-11.437469774246
3300.000000000000,3581.969164012212,-11.791944539906
3400.000000000000,3577.114343267730,-12.125244817921
3500.000000000000,3572.224246884786,-12.467921639956
3600.000000000000,3567.092954062763,-12.809500756732
3700.000000000000,3561.963816766549,-13.150173749124
3800.000000000000,3556.628997406090,-13.491461326568
3900.000000000000,3551.406482351804,-13.829270779203
4000.000000000000,3545.847073744152,-14.166378802267
4100.000000000000,3540.191230688313,-14.502437167089
4200.000000000000,3534.381378564184,-14.837368392233
4300.000000000000,3528.658821317371,-15.170844831516
4400.000000000000,3522.708352966366,-15.503208717389
4500.000000000000,3516.737222635336,-15.848106996372
4600.000000000000,3510.498140118880,-16.165263891674
4700.000000000000,3504.360636162171,-16.493342829114
4800.000000000000,3498.193263761466,-16.821650556607
4900.000000000000,3491.719407148672,-17.147932569161
5000.000000000000,3485.259242662326,-17.475133458356
5100.000000000000,3478.697308813838,-17.796699893911
5200.000000000000,3471.970992118988,-18.120615159720
5300.000000000000,3465.192312771330,-18.441824328637
5400.000000000000,3458.434427657953,-18.761355916408
5500.000000000000,3451.543572537389,-19.080102609058
5600.000000000000,3444.477329408633,-19.396556012168
5700.000000000000,3437.419807187079,-19.714193461556
5800.000000000000,3430.322204803615,-20.026875613936
5900.000000000000,3423.108269387893,-20.340248967275
6000.000000000000,3415.754297487967,-20.652268596587
6100.000000000000,3408.451635007655,-20.962349824007
6200.000000000000,3401.143241511852,-21.270832008314
6300.000000000000,3393.687319854923,-21.579632292980
6400.000000000000,3386.206329109569,-21.886249790216
6500.000000000000,3378.419198316782,-22.189640297040
6600.000000000000,3370.793383214241,-22.492663995377
6700.000000000000,3363.057881967432,-22.795250146795
6800.000000000000,3355.246429851436,-23.093665180410
6900.000000000000,3347.557073422252,-23.395060388222
7000.000000000000,3339.652052371717,-23.691366447626
7100.000000000000,3331.648719357613,-23.985950927155
7200.000000000000,3323.775342123056,-24.281454629928
7300.000000000000,3315.720744336189,-24.575467873374
7400.000000000000,3307.599512296724,-24.864502869834
7500.000000000000,3299.417283948018,-25.153330764846
7600.000000000000,3291.258666820251,-25.445060030965
7700.000000000000,3283.142985957442,-25.729597993439
7800.000000000000,3274.671344382862,-26.017064710262
7900.000000000000,3267.469093723965,-26.301658435722
8000.000000000000,3258.326014475310,-26.584103363917
8100.000000000000,3249.825758209574,-26.864250863557
8200.000000000000,3241.373698166879,-27.142969736932
8300.000000000000,3232.969243001135,-27.421857642027
8400.000000000000,3224.501405514585,-27.698255172412
8500.000000000000,3216.086029552253,-27.971203662048
8600.000000000000,3207.463275674842,-28.245485930934
8700.000000000000,3198.896718242161,-28.517511553084
8800.000000000000,3190.329462712895,-28.789058647703
8900.000000000000,3181.708452114815,-29.057998700246
9000.000000000000,3173.157950946469,-29.325233965225
9100.000000000000,3164.547866667528,-29.592281428039
9200.000000000000,3155.830921946073,-29.856761012139
9300.000000000000,3147.152088042842,-30.120003496917
9400.000000000000,3138.472376339443,-30.380702240516
9500.000000000000,3129.832029726099,-30.639368790626
9600.000000000000,3121.089400296217,-30.900450535977
9700.000000000000,3112.465219396965,-31.158094161326
9800.000000000000,3103.544287009495,-31.412305724875
9900.000000000000,3094.756232353057,-31.664251371944
10000.000000000000,3086.053646721907,-31.921823621390
10100.000000000000,3077.334250031308,-32.171796049267
10200.000000000000,3068.618631535662,-32.419879613898
10300.000000000000,3059.788248466134,-32.669798504329
10400.000000000000,3050.977448285142,-32.914913470080
10500.000000000000,3042.087216202098,-33.158887509386
10600.000000000000,3033.377628919957,-33.405246131936
10700.000000000000,3024.549448310834,-33.645939875434
10800.000000000000,3015.838580461882,-33.919550960475
10900.000000000000,3006.965208809007,-34.158817695533
11000.000000000000,2998.154310095396,-34.366275806821
11100.000000000000,2989.364166944495,-34.603149140653
11200.000000000000,2980.481223911571,-34.837198683610
11300.000000000000,2971.731613874898,-35.071165980552
11400.000000000000,2962.899372780034,-35.303689671112
11500.000000000000,2954.100789599191,-35.533727348010
11600.000000000000,2945.249606920751,-35.761726555279
11700.000000000000,2936.565507832824,-35.990945601246
11800.000000000000,2927.816949230527,-36.218542812822
11900.000000000000,2919.063153694503,-36.445338456721
12000.000000000000,2910.110985528443,-36.701378099679
12100.000000000000,2901.530551521431,-36.888931461532
12200.000000000000,2892.780683231426,-37.144261728635
12300.000000000000,2884.048543174034,-37.329969161317
12400.000000000000,2875.403549403710,-37.547682482176
12500.000000000000,2866.553873762565,-37.765235067263
12600.000000000000,2857.924725741800,-37.979654519787
12700.000000000000,2849.317171529215,-38.195397013849
12800.000000000000,2840.678704759832,-38.407205711944
12900.000000000000,2832.010090399939,-38.619380501217
13000.000000000000,2823.258552974653,-38.829493543596
13100.000000000000,2814.790712098799,-39.037258647160
13200.000000000000,2806.278883076055,-39.248821335083
13300.000000000000,2797.609790992757,-39.452234114140
13400.000000000000,2788.893451805901,-39.650811571405
13500.000000000000,2780.392746240841,-39.856573753976
13600.000000000000,2772.009266174578,-40.062027312946
13700.000000000000,2763.422145240500,-40.263724396290
13800.000000000000,2754.947311458691,-40.462809032556
13900.000000000000,2746.540285762990,-40.660592108091
14000.000000000000,2737.970237774585,-40.855259772470
14100.000000000000,2729.749454055045,-41.056587714856
14200.000000000000,2721.458116052572,-41.248047906298
14300.000000000000,2712.935978925308,-41.437066314152
14400.000000000000,2704.588862308572,-41.635066767767
14500.000000000000,2696.266443751073,-41.829964434016
14600.000000000000,2688.044773109884,-42.023275321884
14700.000000000000,2679.767106028796,-42.210179413806
14800.000000000000,2671.391888745876,-42.397586808693
14900.000000000000,2663.063731654286,-42.581581985227
15000.000000000000,2655.044383084056,-42.769199327733
15100.000000000000,2646.920098689895,-42.954278159496
15200.000000000000,2638.479527989964,-43.133877075596
15300.000000000000,2630.538189410134,-43.319986110830
15400.000000000000,2622.436764632423,-43.501003341832
15500.000000000000,2614.218451837812,-43.677284427763
15600.000000000000,2606.285039924757,-43.901626387036
15700.000000000000,2598.323316476796,-44.034595453837
15800.000000000000,2590.313656849332,-44.212888672652
15900.000000000000,2582.241696871529,-44.383030560901
16000.000000000000,2574.150957498834,-44.558266188382
16100.000000000000,2566.336559733596,-44.734888835352
16200.000000000000,2558.360656937818,-44.901290503726
16300.000000000000,2550.553463132859,-45.077662763624
16400.000000000000,2542.668583293377,-45.249052405217
16500.000000000000,2534.933421295831,-45.423033957567
16600.000000000000,2527.172679450610,-45.583699647615
16700.000000000000,2519.164564698944,-45.748256275173
16800.000000000000,2511.827665990980,-45.923004307487
16900.000000000000,2504.008934976549,-46.079451215400
17000.000000000000,2496.490244518947,-46.242067835834
17100.000000000000,2488.654550162329,-46.406053878571
17200.000000000000,2481.189485717470,-46.561659232999
17300.000000000000,2473.532652302328,-46.728290953094
17400.000000000000,2466.045810044054,-46.891181526375
17500.000000000000,2458.519944353425,-47.051418442634
17600.000000000000,2451.005487691462,-47.210463611928
17700.000000000000,2443.379870954917,-47.361993616892
17800.000000000000,2436.003925805120,-47.518987337154
17900.000000000000,2428.703423150864,-47.726847697791
18000.000000000000,2421.128498678091,-47.826952448588
18100.000000000000,2413.604622798742,-47.975180681930
18200.000000000000,2406.090001063235,-48.128594543447
18300.000000000000,2398.633771301988,-48.273355430424
18400.000000000000,2391.646220085081,-48.437167419531
18500.000000000000,2384.295666108546,-48.582942591874
18600.000000000000,2377.277613985452,-48.730888070303
18700.000000000000,2369.727557068697,-48.870293798006
18800.000000000000,2362.920041670693,-49.025999814018
18900.000000000000,2354.729104017084,-49.157896956743
19000.000000000000,2348.031785238712,-49.289772274159
19100.000000000000,2341.344867806585,-49.464475141120
19200.000000000000,2334.469414749337,-49.593865285634
19300.000000000000,2327.390122612901,-49.753186327857
19400.000000000000,2320.088728488404,-49.891240714500
19500.000000000000,2313.303755555748,-50.025021117364
19600.000000000000,2306.160638241050,-50.169827537374
19700.000000000000,2299.364320980640,-50.295556551916
19800.000000000000,2292.642204802430,-50.442492753781
19900.000000000000,2285.811396253020,-50.587992859344
20000.000000000000,2278.881269056446,-50.719898845865
20100.000000000000,2272.031159813300,-50.853209611324
20200.000000000000,2265.296114224259,-50.983719099070
20300.000000000000,2258.368941231212,-51.125080534336
20400.000000000000,2251.951205574097,-51.258989230956
20500.000000000000,2245.043190571970,-51.439272227448
20600.000000000000,2238.340696671642,-51.579200111641
20700.000000000000,2231.929628114536,-51.711768182290
20800.000000000000,2225.213349087736,-51.780374301313
20900.000000000000,2218.493141468843,-51.906684637917
21000.000000000000,2212.109608283324,-52.042799308565
21100.000000000000,2205.606846918703,-52.164188652947
21200.000000000000,2199.010926020276,-52.301261612498
21300.000000000000,2192.670975617429,-52.423279736992
21400.000000000000,2186.055850109299,-52.540626963917
21500.000000000000,2179.638769800607,-52.675299957472
21600.000000000000,2173.171963353406,-52.793836770433
21700.000000000000,2166.745794871295,-52.917404117106
21800.000000000000,2160.257995594454,-53.036430225180
21900.000000000000,2154.155961942427,-53.230866164673
22000.000000000000,2147.951154827168,-53.284620799759
22100.000000000000,2141.811519832523,-53.408838340049
22200.000000000000,2135.194693660688,-53.526054123834
22300.000000000000,2129.087059063133,-53.646884846066
22400.000000000000,2123.716831730580,-53.751511034903
22500.000000000000,2117.169178230242,-53.866903866173
22600.000000000000,2111.646837888134,-53.988143347063
22700.000000000000,2105.383918415780,-54.142606420110
22800.000000000000,2098.813717811584,-54.202112233573
22900.000000000000,2092.469556980719,-54.361095018513
23000.000000000000,2086.932760519687,-54.473778767813
23100.000000000000,2080.374080470548,-54.567227448062
23200.000000000000,2074.562640561416,-54.662665202159
23300.000000000000,2068.902068748734,-54.811012109369
23400.000000000000,2063.451076847981,-54.901063037569
23500.000000000000,2057.427759818122,-55.095391118256
23600.000000000000,2051.170418130073,-55.126750842058
23700.000000000000,2045.680568926466,-55.253290842011
23800.000000000000,2039.738419189812,-55.360018721928
23900.000000000000,2034.023667458514,-55.432319076945
24000.000000000000,2028.329765242941,-55.565452296095
24100.000000000000,2022.614983705945,-55.650944793874
24200.000000000000,2016.935097918242,-55.778205018882
24300.000000000000,2010.659715137547,-55.887827556619
24400.000000000000,2005.270662604103,-55.984017474375
24500.000000000000,1999.596369730021,-56.100193917559
24600.000000000000,1994.433468103800,-56.194834484028
24700.000000000000,1988.434489487175,-56.303032922029
24800.000000000000,1983.436539703609,-56.398656607057
24900.000000000000,1977.549977289337,-56.583101444357
25000.000000000000,1971.900213917870,-56.608783142157
25100.000000000000,1966.774739683663,-56.718991431217
25200.000000000000,1960.836797304443,-56.827624797856
25300.000000000000,1955.801915196271,-56.908097327992
25400.000000000000,1950.370959353958,-57.010782925259
25500.000000000000,1945.173413433187,-57.188869026826
25600.000000000000,1939.543999500885,-57.209753756621
25700.000000000000,1934.368682517422,-57.309984017414
25800.000000000000,1929.425506447561,-57.400710947163
25900.000000000000,1923.902554715623,-57.570288529396
26000.000000000000,1918.718645606224,-57.589576504006
26100.000000000000,1913.328166108786,-57.686627691993
26200.000000000000,1908.049842067054,-57.797567207639
26300.000000000000,1902.844311320857,-57.888463077897
26400.000000000000,1897.959101806207,-57.980565228139
26500.000000000000,1892.846111255203,-58.072901884228
26600.000000000000,1887.595623123951,-58.171284267182
26700.000000000000,1882.399898254725,-58.260918026743
26800.000000000000,1877.398889658620,-58.360618669857
26900.000000000000,1872.106865455866,-58.453060735713
27000.000000000000,1867.313935901302,-58.527711263472
27100.000000000000,1862.532039025522,-58.618353816523
27200.000000000000,1857.532355015271,-58.718301884526
27300.000000000000,1852.582553021271,-58.806094173931
27400.000000000000,1847.417046643901,-58.895065719535
27500.000000000000,1842.574359795822,-58.974727516609
27600.000000000000,1837.617447025624,-59.069922312363
27700.000000000000,1832.898171159260,-59.159246764908
27800.000000000000,1828.143359377386,-59.232965210924
27900.000000000000,1823.280161817803,-59.413951204785
28000.000000000000,1818.563008203412,-59.418908306742
28100.000000000000,1813.810508105024,-59.494354617849
28200.000000000000,1809.049744166599,-59.674179013913
28300.000000000000,1804.066565375505,-59.679260354722
28400.000000000000,1799.373835461678,-59.758118966689
28500.000000000000,1794.656275726464,-59.847875669783
28600.000000000000,1790.011357884298,-59.942850527573
28700.000000000000,1785.260612957042,-60.016257154727
28800.000000000000,1780.571552691066,-60.102408866449
28900.000000000000,1776.172588321878,-60.181930059901
29000.000000000000,1771.436502624453,-60.261117391185
29100.000000000000,1766.994386628439,-60.329513956121
29200.000000000000,1762.359548483620,-60.423361106154
29300.000000000000,1757.703755301367,-60.509726407626
29400.000000000000,1753.252261013656,-60.591360460930
29500.000000000000,1748.983539017166,-60.661068093391
29600.000000000000,1744.556964930569,-60.742018123480
29700.000000000000,1739.979646520338,-60.821893084197
29800.000000000000,1735.494372600340,-60.905879030256
29900.000000000000,1731.005217131943,-60.985526531079
30000.000000000000,1726.562409664490,-61.065306347877
30100.000000000000,1722.101922682366,-61.147572710791
30200.000000000000,1717.864515621880,-61.218072597640
30300.000000000000,1713.729720412616,-61.288765323260
30400.000000000000,1709.165183715312,-61.370142055394
30500.000000000000,1704.966233455040,-61.444996329482
30600.000000000000,1700.853736423167,-61.519401571548
30700.000000000000,1696.611200704632,-61.599612559174
30800.000000000000,1692.167528245230,-61.671059736470
30900.000000000000,1688.073066436780,-61.741129865740
31000.000000000000,1683.692306081147,-61.815406274097
31100.000000000000,1679.655822379859,-61.897373523907
31200.000000000000,1675.376924380823,-61.969017562182
31300.000000000000,1671.384887174426,-62.033193536777
31400.000000000000,1667.009919567623,-62.113360216413
31500.000000000000,1663.297222427301,-62.192571726749
31600.000000000000,1658.958101221516,-62.257073439124
31700.000000000000,1654.969191875389,-62.320416281655
31800.000000000000,1650.658391904173,-62.399523438340
31900.000000000000,1646.698171058283,-62.480903551638
32000.000000000000,1642.741457529301,-62.640416523322
32100.000000000000,1638.693687603164,-62.611620110507
32200.000000000000,1634.739303688677,-62.680597894801
32300.000000000000,1630.814028158451,-62.754439009709
32400.000000000000,1626.691874006946,-62.818512592663
32500.000000000000,1622.856129635830,-62.894627937861
32600.000000000000,1618.920466382772,-62.954647764673
32700.000000000000,1615.151568197743,-63.027564740935
32800.000000000000,1611.000332436506,-63.091946182262
32900.000000000000,1607.207611917058,-63.255367958416
33000.000000000000,1603.287899498384,-63.230631484433
33100.000000000000,1599.393312000652,-63.298998949000
33200.000000000000,1595.709354238251,-63.360579828512
33300.000000000000,1591.863075653508,-63.428059045646
33400.000000000000,1588.069301435299,-63.495640345413
33500.000000000000,1584.334178404992,-63.557527636838
33600.000000000000,1580.528549757952,-63.626548870558
33700.000000000000,1576.788379670371,-63.691447589963
33800.000000000000,1572.956631238399,-63.753538160072
33900.000000000000,1569.263679453062,-63.818125022203
34000.000000000000,1565.669777251529,-63.881638991395
34100.000000000000,1562.010130002176,-63.943723649128
34200.000000000000,1558.300011536146,-64.010689889577
34300.000000000000,1554.573279431989,-64.068749047317
34400.000000000000,1550.975071559275,-64.134858437796
34500.000000000000,1547.361926461888,-64.194864897443
34600.000000000000,1543.682862646744,-64.259223213781
34700.000000000000,1540.168816778710,-64.321423876431
34800.000000000000,1536.583343201443,-64.387728866838
34900.000000000000,1532.982444774690,-64.442243336245
35000.000000000000,1529.471029737108,-64.505422572291
35100.000000000000,1525.925319229523,-64.569573258783
35200.000000000000,1522.358906909778,-64.729955107098
35300.000000000000,1518.948708644567,-64.687617275085
35400.000000000000,1515.381574719149,-64.747129891224
35500.000000000000,1512.170969530080,-64.808131458785
35600.000000000000,1508.574137270467,-64.863305835014
35700.000000000000,1504.990699401647,-65.028315033716
35800.000000000000,1501.511139106840,-64.990040467377
35900.000000000000,1498.233914068163,-65.042088763477
36000.000000000000,1494.796588183250,-65.100765763760
36100.000000000000,1491.635421834794,-65.159554485959
36200.000000000000,1488.156600241734,-65.218942166960
36300.000000000000,1484.755117806043,-65.274196604583
36400.000000000000,1481.352428007417,-65.335740752297
36500.000000000000,1477.993660780292,-65.395204329673
36600.000000000000,1474.866216191304,-65.443793056556
36700.000000000000,1471.435943707111,-65.506316470109
36800.000000000000,1468.110346116294,-65.556230825019
36900.000000000000,1464.793792775374,-65.720167208225
37000.000000000000,1461.597113361017,-65.675101400640
37100.000000000000,1458.260373813783,-65.734702165561
37200.000000000000,1455.177060554296,-65.783948041931
37300.000000000000,1451.801869777112,-65.839973820613
37400.000000000000,1448.669163236183,-65.891186845114
37500.000000000000,1445.481555398665,-65.947328274758
37600.000000000000,1442.219457495680,-66.004619408937
37700.000000000000,1438.862771490804,-66.059801451461
37800.000000000000,1436.378574171541,-66.105843547503
37900.000000000000,1432.935576419309,-66.262509968821
38000.000000000000,1429.895794680440,-66.207850515542
38100.000000000000,1426.795585171285,-66.258497687225
38200.000000000000,1423.337673168350,-66.321416832248
38300.000000000000,1420.355366899845,-66.373485627095
38400.000000000000,1417.294807442716,-66.421456118917
38500.000000000000,1414.283111820709,-66.478283767095
38600.000000000000,1411.154487276209,-66.525672648371
38700.000000000000,1407.989454401982,-66.587829471597
38800.000000000000,1405.010246669811,-66.633252552254
38900.000000000000,1402.087678266230,-66.680230090798
39000.000000000000,1398.792756994290,-66.735337833329
39100.000000000000,1396.089223637637,-66.790939405042
39200.000000000000,1392.924343393065,-66.835548083277
39300.000000000000,1390.160900466318,-66.882376136500
39400.000000000000,1387.195944689332,-66.935599566650
39500.000000000000,1384.108802702393,-67.094604721524
39600.000000000000,1381.119303834049,-67.032967362513
39700.000000000000,1378.172686614232,-67.085885888974
39800.000000000000,1375.360950209807,-67.131430826746
39900.000000000000,1372.478154797233,-67.185253261683
40000.000000000000,1369.504967052271,-67.229638268643
40100.000000000000,1366.443544700836,-67.277716600726
40200.000000000000,1363.751380225042,-67.348450233554
40300.000000000000,1360.867966248327,-67.378567839490
40400.000000000000,1357.988012092589,-67.418207420613
40500.000000000000,1355.115266166915,-67.473578676096
40600.000000000000,1352.409039316748,-67.523920274662
40700.000000000000,1349.553987216523,-67.571944584961
40800.000000000000,1346.728939469283,-67.612768363917
40900.000000000000,1343.904569471972,-67.663725084313
41000.000000000000,1341.109290676197,-67.715649075426
41100.000000000000,1338.352987904894,-67.759150539335
41200.000000000000,1335.591702195881,-67.799762795082
41300.000000000000,1332.765948390105,-67.848082430459
41400.000000000000,1330.050091022810,-67.869698016717
41500.000000000000,1327.425884165152,-67.938921356219
41600.000000000000,1324.655895304408,-67.975747304817
41700.000000000000,1322.124693736893,-68.019754449567
41800.000000000000,1319.073515663964,-68.078242834931
41900.000000000000,1316.259134644795,-68.128533950103
42000.000000000000,1313.902625739905,-68.168832231227
42100.000000000000,1311.250884613885,-68.206600547635
42200.000000000000,1308.532041899583,-68.247099914111
42300.000000000000,1305.835065701938,-68.299910709654
42400.000000000000,1303.238983290277,-68.344395527647
42500.000000000000,1300.585081382621,-68.384040842199
42600.000000000000,1297.798592588640,-68.432746553879
42700.000000000000,1295.289522842581,-68.476379327927
42800.000000000000,1292.555472295852,-68.518089147068
42900.000000000000,1290.024136961531,-68.682079256802
43000.000000000000,1287.600291816787,-68.607230942767
43100.000000000000,1285.052947776124,-68.651674386833
43200.000000000000,1282.615178589583,-68.705148527086
43300.000000000000,1279.798381037743,-68.723058152677
43400.000000000000,1277.311679803323,-68.779969069665
43500.000000000000,1274.850939512299,-68.817446619534
43600.000000000000,1272.372296271987,-68.848643812156
43700.000000000000,1269.874957863724,-69.024668577571
43800.000000000000,1267.151925059013,-68.954916023141
43900.000000000000,1264.962150822152,-68.996077519504
44000.000000000000,1262.584361374649,-69.032736038522
44100.000000000000,1260.136941405931,-69.079506407183
44200.000000000000,1257.372185115795,-69.107640272930
44300.000000000000,1254.611872388117,-69.156028342255
44400.000000000000,1252.431584482751,-69.192708605374
44500.000000000000,1249.862902956879,-69.234761050345
44600.000000000000,1247.373636212364,-69.262991580954
44700.000000000000,1244.893814728468,-69.311984015479
44800.000000000000,1242.649509025304,-69.348863441914
44900.000000000000,1240.004276248920,-69.391117340398
45000.000000000000,1237.696236370282,-69.431072453231
45100.000000000000,1235.376354571817,-69.466911221903
45200.000000000000,1232.927177927993,-69.515909344325
45300.000000000000,1230.679073913138,-69.686057750196
45400.000000000000,1228.166846703583,-69.587910535162
45500.000000000000,1225.851895790932,-69.625849897526
45600.000000000000,1223.616603486196,-69.670269657460
45700.000000000000,1221.134143782072,-69.709560498021
45800.000000000000,1218.709948603732,-69.746934804167
45900.000000000000,1216.490235889459,-69.786973108146
46000.000000000000,1214.217766160569,-69.818269554638
46100.000000000000,1211.984332481373,-69.987526084839
46200.000000000000,1209.674963757448,-69.898273535323
46300.000000000000,1207.451375878611,-69.936938150711
46400.000000000000,1204.941890581717,-69.969624186066
46500.000000000000,1202.900113430105,-70.012905761677
46600.000000000000,1200.549290581439,-70.051634910216
46700.000000000000,1198.240809156093,-70.089158088011
46800.000000000000,1195.956297548101,-70.259602956765
46900.000000000000,1193.642927860906,-70.151415861651
47000.000000000000,1191.628341040731,-70.195451781383
47100.000000000000,1189.272063651997,-70.238349206847
47200.000000000000,1187.071945897157,-70.272567739904
47300.000000000000,1184.836705210424,-70.297401626481
47400.000000000000,1182.679384049314,-70.342004358062
47500.000000000000,1180.465608842552,-70.384681986415
47600.000000000000,1178.270773966480,-70.414229551190
47700.000000000000,1176.124011364417,-70.453358067489
47800.000000000000,1173.964418425340,-70.481807996266
47900.000000000000,1171.755700581623,-70.519108782313
48000.000000000000,1169.570293873070,-70.558612256404
48100.000000000000,1167.417080124551,-70.593436314213
48200.000000000000,1165.242732923195,-70.630395250696
48300.000000000000,1163.141534096379,-70.661875069126
48400.000000000000,1161.096293887759,-70.700006877553
48500.000000000000,1158.929781225307,-70.735545333318
48600.000000000000,1156.671735105170,-70.766047870215
48700.000000000000,1154.764941552581,-70.800334999783
48800.000000000000,1152.429891751480,-70.832095167465
48900.000000000000,1150.496100042170,-70.874050692541
49000.000000000000,1148.347453920266,-70.908856670961
49100.000000000000,1146.263279207545,-70.938908678019
49200.000000000000,1144.174990551488,-70.968180555982
49300.000000000000,1142.094781402555,-71.011846921903
49400.000000000000,1140.061956049686,-71.039613553768
49500.000000000000,1138.037420602328,-71.068203133007
49600.000000000000,1136.086416109764,-71.108751319434
49700.000000000000,1133.956928256063,-71.140705613485
49800.000000000000,1131.992935435005,-71.175161437868
49900.000000000000,1130.000498667531,-71.349403096332
50000.000000000000,1127.850999712928,-71.245386991008
50100.000000000000,1125.842117075196,-71.279039555023
50200.000000000000,1123.826787783323,-71.292112177454
50300.000000000000,1121.837195969179,-71.340728916364
50400.000000000000,1119.860436175597,-71.371759334430
50500.000000000000,1117.909396055104,-71.408514780794
50600.000000000000,1115.871993134146,-71.439683816126
50700.000000000000,1113.981387070512,-71.462945420962
50800.000000000000,1111.996195206168,-71.495916566202
50900.000000000000,1110.138130566400,-71.539540724393
51000.000000000000,1108.095343821820,-71.562093105116
51100.000000000000,1106.058754945208,-71.600170940746
51200.000000000000,1104.227931162842,-71.620449406426
51300.000000000000,1102.239137489017,-71.665319174334
51400.000000000000,1100.432998727658,-71.691921823822
51500.000000000000,1098.424518339215,-71.723941969124
51600.000000000000,1096.577570859989,-71.758981615682
51700.000000000000,1094.698137158176,-71.777464794519
51800.000000000000,1092.853131975663,-71.812469809508
51900.000000000000,1090.867088183651,-71.848408634202
52000.000000000000,1088.900148259179,-71.879234097104
52100.000000000000,1087.136071369260,-71.911257032222
52200.000000000000,1085.110998491854,-71.934378892255
52300.000000000000,1083.279242778553,-71.966220631208
52400.000000000000,1081.473606203055,-71.990301390962
52500.000000000000,1079.699807369292,-72.031827238600
52600.000000000000,1077.808682628889,-72.057721333823
52700.000000000000,1075.856187835190,-72.079346802788
52800.000000000000,1074.126499907591,-72.116219731593
52900.000000000000,1072.354042152213,-72.144174871289
53000.000000000000,1070.266239963634,-72.337081533325
53100.000000000000,1068.643459252306,-72.205353824960
53200.000000000000,1066.696987078661,-72.231999858708
53300.000000000000,1065.025793070774,-72.250281236196
53400.000000000000,1063.312511377777,-72.297697420683
53500.000000000000,1061.406665770926,-72.323100740263
53600.000000000000,1059.599754569179,-72.358252245255
53700.000000000000,1057.827369682155,-72.535241108873
53800.000000000000,1055.962346219782,-72.403230329214
53900.000000000000,1054.284828709074,-72.440516678877
54000.000000000000,1052.451763592643,-72.467792348434
54100.000000000000,1050.844517516391,-72.494646693601
54200.000000000000,1048.933843759859,-72.523485422283
54300.000000000000,1047.177620954626,-72.551000039926
54400.000000000000,1045.472787861702,-72.580133521856
54500.000000000000,1043.763583362130,-72.609442564414
54600.000000000000,1041.993726661751,-72.636219975677
54700.000000000000,1040.169346889818,-72.673779890207
54800.000000000000,1038.515969046672,-72.688268500806
54900.000000000000,1036.931282058912,-72.708887701172
55000.000000000000,1035.094972401962,-72.745408308218
55100.000000000000,1033.362396160119,-72.776924747601
55200.000000000000,1031.732517265858,-72.802929312275
55300.000000000000,1030.100943594453,-72.829206345492
55400.000000000000,1028.225590068939,-72.852499910707
55500.000000000000,1026.671524115713,-72.887458313597
55600.000000000000,1024.979777457595,-72.916977401334
55700.000000000000,1023.395955655723,-72.942951733687
55800.000000000000,1021.675536294981,-72.965260457160
55900.000000000000,1019.986860668128,-72.992844448662
56000.000000000000,1018.466290005815,-73.011226981374
56100.000000000000,1016.676067210973,-73.042698875017
56200.000000000000,1014.901978956586,-73.071634215112
56300.000000000000,1013.409122871221,-73.104904854411
56400.000000000000,1011.637828630085,-73.124673183202
56500.000000000000,1010.185952003043,-73.148254526613
56600.000000000000,1008.615015053350,-73.180140599147
56700.000000000000,1006.955303262446,-73.208465195158
56800.000000000000,1005.203354730152,-73.230507859179
56900.000000000000,1003.721621281860,-73.258132443132
57000.000000000000,1002.053298750313,-73.279070640421
57100.000000000000,1000.433067082521,-73.296535704391
57200.000000000000,998.766864550189,-73.344047615943
57300.000000000000,997.233678030064,-73.360066301597
57400.000000000000,995.714903662863,-73.393067873018
57500.000000000000,994.092843207526,-73.409068033170
57600.000000000000,992.501466627808,-73.422035523108
57700.000000000000,990.990199195157,-73.467114302181
57800.000000000000,989.327953856605,-73.481881534555
57900.000000000000,987.784463760602,-73.512550762285
58000.000000000000,986.298690747852,-73.537531267996
58100.000000000000,984.782415509429,-73.570170954035
58200.000000000000,983.308635775839,-73.570880072574
58300.000000000000,981.590836121606,-73.607418882007
58400.000000000000,980.120128789901,-73.637882921348
58500.000000000000,978.539886303860,-73.662585041717
58600.000000000000,976.954150857947,-73.688399094684
58700.000000000000,975.523054265141,-73.710361186445
58800.000000000000,973.930157096853,-73.722174008625
58900.000000000000,972.375159100071,-73.754640030183
59000.000000000000,971.003757096241,-73.781872283872
59100.000000000000,969.353329835049,-73.805135139410
59200.000000000000,968.156044783127,-73.834385391005
59300.000000000000,966.415668787586,-73.853238050141
59400.000000000000,964.954698350860,-73.869305313478
59500.000000000000,963.358583110630,-73.897862027606
59600.000000000000,961.940543425005,-73.929496459755
59700.000000000000,960.463971118575,-74.121880878952
59800.000000000000,959.071329497408,-73.968862147651
59900.000000000000,957.513615991916,-73.999280015555
60000.000000000000,955.999615532142,-74.010046247092
60100.000000000000,954.600787550681,-74.044920399579
60200.000000000000,953.113891590802,-74.070248880839
60300.000000000000,951.661398222687,-74.094366245926
60400.000000000000,950.245459592534,-74.117989288665
60500.000000000000,948.729434334004,-74.131842698186
60600.000000000000,947.425317865832,-74.157674039182
60700.000000000000,945.850109106570,-74.186781732767
60800.000000000000,944.408810185035,-74.206405224491
60900.000000000000,943.037960087987,-74.230682414632
61000.000000000000,941.627461390271,-74.248781573530
61100.000000000000,940.132199202938,-74.263255937189
61200.000000000000,938.813169297406,-74.304354375780
61300.000000000000,937.368044293555,-74.320823527787
61400.000000000000,935.748491594445,-74.340529334081
61500.000000000000,934.502587570456,-74.365566047779
61600.000000000000,933.205598906164,-74.391849033240
61700.000000000000,931.620379141577,-74.393138991267
61800.000000000000,930.343772027772,-74.429587647047
61900.000000000000,928.985136164452,-74.369247219028
62000.000000000000,927.544075537572,-74.468213721177
62100.000000000000,926.140551168543,-74.509192693384
62200.000000000000,924.747567533516,-74.520787805958
62300.000000000000,923.404045368065,-74.544528823582
62400.000000000000,922.114846578387,-74.546473599076
62500.000000000000,920.732623616520,-74.588008248381
62600.000000000000,919.355548103047,-74.588928349115
62700.000000000000,918.090305794702,-74.629004218663
62800.000000000000,916.648566552858,-74.653576886575
62900.000000000000,915.256891965867,-74.676976691691
63000.000000000000,913.936719914866,-74.677566151523
63100.000000000000,912.541801534344,-74.708184365134
63200.000000000000,911.331528620724,-74.733092727216
63300.000000000000,909.917822439633,-74.758862766215
63400.000000000000,908.608927750452,-74.783444052929
63500.000000000000,907.185686157264,-74.795595391610
63600.000000000000,906.031705355753,-74.807570738905
63700.000000000000,904.637837202923,-74.835376659757
63800.000000000000,903.293035838904,-74.859312069413
63900.000000000000,901.992954220555,-75.067298668243
64000.000000000000,900.742890798305,-74.904295128925
64100.000000000000,899.429922963117,-74.928031216793
64200.000000000000,898.259987374465,-74.931702071091
64300.000000000000,896.810837842199,-74.959465435814
64400.000000000000,895.534877018552,-74.990175161163
64500.000000000000,894.262831032729,-75.012563299081
64600.000000000000,892.778797910377,-75.014036024808
64700.000000000000,891.702119447510,-75.047194007594
64800.000000000000,890.281536186264,-75.066917994318
64900.000000000000,889.069780984985,-75.080751365636
65000.000000000000,887.916210637437,-75.110747822930
65100.000000000000,886.465848572545,-75.127877300322
65200.000000000000,885.236373948038,-75.158205480133
65300.000000000000,884.104334888808,-75.171749602645
65400.000000000000,882.775099009936,-75.188292556266
65500.000000000000,881.560879660703,-75.188118534337
65600.000000000000,880.254140275270,-75.224910792728
65700.000000000000,878.986888106085,-75.251466509201
65800.000000000000,877.788448142616,-75.268610839091
65900.000000000000,876.582976427394,-75.286740234638
66000.000000000000,875.364928366472,-75.304589653753
66100.000000000000,874.041729923664,-75.327827713137
66200.000000000000,872.823591102923,-75.326511971190
66300.000000000000,871.678157764331,-75.364374732149
66400.000000000000,870.456391389625,-75.580474124826
66500.000000000000,869.153518901571,-75.398542856099
66600.000000000000,867.883900968669,-75.422613049443
66700.000000000000,866.757676474972,-75.444997099003
66800.000000000000,865.522312298851,-75.447790410226
66900.000000000000,864.390240658973,-75.483284121232
67000.000000000000,863.069471035323,-75.499169193509
67100.000000000000,861.900971316385,-75.522917191095
67200.000000000000,860.695138936544,-75.544547014557
67300.000000000000,859.590478440481,-75.559591205162
67400.000000000000,858.341587502551,-75.570000865699
67500.000000000000,857.229777543041,-75.576024767845
67600.000000000000,856.022620710477,-75.611198245130
67700.000000000000,854.918533697528,-75.631228870996
67800.000000000000,853.640009397670,-75.843765959810
67900.000000000000,852.426448562780,-75.869189094884
68000.000000000000,851.284266629031,-75.685772944740
68100.000000000000,850.134426462877,-75.688841025317
68200.000000000000,848.972514922351,-75.725523012600
68300.000000000000,847.764944575361,-75.747317332911
68400.000000000000,846.662598377815,-75.757226300154
68500.000000000000,845.509528680478,-75.786515705615
68600.000000000000,844.369443180258,-75.800516177350
68700.000000000000,843.215633707569,-75.820086934361
68800.000000000000,842.057588829328,-75.818938528002
68900.000000000000,840.790506024066,-75.842492249065
69000.000000000000,839.799432022526,-75.868638096817
69100.000000000000,838.574046150333,-75.889756617952
69200.000000000000,837.536765334887,-75.906451623440
69300.000000000000,836.361812501939,-75.928343405992
69400.000000000000,835.217802134078,-76.145540130264
69500.000000000000,834.121697684171,-75.941808577628
69600.000000000000,833.022271072877,-75.970296736784
69700.000000000000,831.764332182563,-75.991004577523
69800.000000000000,830.718635237940,-76.012956072703
69900.000000000000,829.639143707383,-76.010154714534
70000.000000000000,828.492314584920,-76.050254606428
70100.000000000000,827.518718986328,-76.062153751048
70200.000000000000,826.281152901299,-76.065208401379
70300.000000000000,825.252562505189,-76.103558442435
70400.000000000000,824.198703140989,-76.119229226903
70500.000000000000,823.068005620816,-76.131934405875
70600.000000000000,821.981307688756,-76.152335276333
70700.000000000000,820.838129246816,-76.174581850709
70800.000000000000,819.742612710752,-76.182911469957
70900.000000000000,818.609203865296,-76.188475941337
71000.000000000000,817.505333661142,-76.215221530149
71100.000000000000,816.557102683126,-76.237960805345
71200.000000000000,815.454327193924,-76.256683586329
71300.000000000000,814.344771189472,-76.272395580363
71400.000000000000,813.274274138079,-76.286724013295
71500.000000000000,812.311030773637,-76.301629228771
71600.000000000000,811.208564137727,-76.307346918522
71700.000000000000,810.066639999952,-76.325841941864
71800.000000000000,808.940982732583,-76.554227231071
71900.000000000000,807.981742784316,-76.365637890108
72000.000000000000,806.955081782376,-76.384964498880
72100.000000000000,805.874006656044,-76.410108117215
72200.000000000000,804.822536089358,-76.422410202443
72300.000000000000,803.704663116200,-76.415976169805
72400.000000000000,802.748164586185,-76.456675731786
72500.000000000000,801.744739969752,-76.680596286937
72600.000000000000,800.725469771307,-76.480084791306
72700.000000000000,799.702217768788,-76.496917265288
72800.000000000000,798.489433861497,-76.518440829491
72900.000000000000,797.535515933369,-76.530102057681
73000.000000000000,796.530123823105,-76.534415001553
73100.000000000000,795.543996085039,-76.769332961556
73200.000000000000,794.491271781509,-76.571233676591
73300.000000000000,793.429229237941,-76.593243753596
73400.000000000000,792.475481750567,-76.614935121737
73500.000000000000,791.331911792160,-76.630118825875
73600.000000000000,790.409346296816,-76.858514947872
73700.000000000000,789.384982245185,-76.640177587436
73800.000000000000,788.470180336419,-76.674593706657
73900.000000000000,787.356708268792,-76.689635204914
74000.000000000000,786.405825681284,-76.705535314431
74100.000000000000,785.462232211759,-76.722955711748
74200.000000000000,784.408700136497,-76.744002652529
74300.000000000000,783.412599501872,-76.755468734930
74400.000000000000,782.383935484779,-76.742252163499
74500.000000000000,781.408970346380,-76.784019619651
74600.000000000000,780.403233929223,-76.797740096000
74700.000000000000,779.406857175953,-76.821391954430
74800.000000000000,778.443494809446,-76.836471877964
74900.000000000000,777.453084823153,-76.848676840361
75000.000000000000,776.403745156735,-76.870151968433
75100.000000000000,775.542267608950,-76.880933383862
75200.000000000000,774.522133193473,-76.869579987746
75300.000000000000,773.522358472177,-76.908738957612
75400.000000000000,772.584186095653,-76.920350915665
75500.000000000000,771.661770554426,-76.934244960679
75600.000000000000,770.660716696726,-76.952366216006
75700.000000000000,769.641388230855,-76.964532516841
75800.000000000000,768.828569271816,-76.979168563494
75900.000000000000,767.738502433545,-76.976935762467
76000.000000000000,766.880748328917,-77.008678639283
76100.000000000000,765.893653292487,-77.032201345144
76200.000000000000,765.069737960847,-77.040955577383
76300.000000000000,764.028491450071,-77.053886592548
76400.000000000000,763.108871038660,-77.076060820391
76500.000000000000,762.165814264437,-77.086841523563
76600.000000000000,761.173356892850,-77.099447653330
76700.000000000000,760.140616313088,-77.315051573194
76800.000000000000,759.203611738826,-77.123684903249
76900.000000000000,758.328385935532,-77.144582417019
77000.000000000000,757.368646753529,-77.160289267923
77100.000000000000,756.487843817983,-77.176600548894
77200.000000000000,755.584089334793,-77.184282823206
77300.000000000000,754.701113934436,-77.205599196493
77400.000000000000,753.696615041675,-77.352578070215
77500.000000000000,752.822932575110,-77.222285212470
77600.000000000000,751.776709384729,-77.240074805585
77700.000000000000,750.918861094947,-77.247704768383
77800.000000000000,750.006591620048,-77.271802814306
77900.000000000000,749.135440608065,-77.508462475915
78000.000000000000,748.246589000413,-77.303171607214
78100.000000000000,747.347182041092,-77.311672165778
78200.000000000000,746.393194153820,-77.296910071959
78300.000000000000,745.489258675036,-77.343466506594
78400.000000000000,744.553870125014,-77.353248005179
78500.000000000000,743.678226722156,-77.374539213877
78600.000000000000,742.804782467340,-77.386904430160
78700.000000000000,741.943256728528,-77.393626367553
78800.000000000000,741.093016418429,-77.410543021111
78900.000000000000,740.214438506488,-77.428093997235
79000.000000000000,739.308948604757,-77.416212443305
79100.000000000000,738.341248885899,-77.446560111082
79200.000000000000,737.385467394063,-77.470460499969
79300.000000000000,736.536499137421,-77.485548614793
79400.000000000000,735.730912033142,-77.498511506859
79500.000000000000,734.889415136989,-77.508816161717
79600.000000000000,733.930887072339,-77.518701791775
79700.000000000000,733.104840493298,-77.536900005641
79800.000000000000,732.226161422016,-77.522218214422
79900.000000000000,731.365500052030,-77.557997182172
80000.000000000000,730.506332119003,-77.580053752349
80100.000000000000,729.667228016770,-77.587010449140
80200.000000000000,728.741882299133,-77.630786654161
80300.000000000000,727.879871358028,-77.603255707470
80400.000000000000,727.036258624704,-77.629816882715
80500.000000000000,726.211015310323,-77.610476315945
80600.000000000000,725.347526570223,-77.652587124581
80700.000000000000,724.466432257523,-77.670204896587
80800.000000000000,723.599146370673,-77.682688684497
80900.000000000000,722.777257521715,-77.923546839549
81000.000000000000,721.928899570046,-77.705136806817
81100.000000000000,721.099885360136,-77.721351022156
81200.000000000000,720.263131982155,-77.731684734567
81300.000000000000,719.436541201801,-77.714102943743
81400.000000000000,718.585107028220,-77.754027141499
81500.000000000000,717.737305542383,-77.776152985373
81600.000000000000,716.953271292085,-77.789006818656
81700.000000000000,716.043995020932,-77.796314198236
81800.000000000000,715.213176602169,-77.808325928562
81900.000000000000,714.420467168300,-77.830143480124
82000.000000000000,713.523915841863,-77.839754356648
82100.000000000000,712.707139176930,-77.828103916702
82200.000000000000,711.912222734396,-77.865711546686
82300.000000000000,711.016882885698,-77.875195196005
82400.000000000000,710.153253907914,-77.712232980503
82500.000000000000,709.508564140395,-77.872164667218
82600.000000000000,708.515860846227,-77.916535505079
82700.000000000000,707.798022836800,-77.931757479915
82800.000000000000,707.128844032538,-77.940585576641
82900.000000000000,706.162850766120,-77.924291768702
83000.000000000000,705.393570412437,-77.960705986793
83100.000000000000,704.597796001441,-77.978784448522
83200.000000000000,703.757398957110,-77.993627134615
83300.000000000000,702.967614929163,-78.007258506137
83400.000000000000,702.126311084725,-78.014093413841
83500.000000000000,701.336988203532,-78.021478853281
83600.000000000000,700.539704454183,-78.042947120851
83700.000000000000,699.756064645114,-78.048205185592
83800.000000000000,698.954771152804,-78.030890974172
83900.000000000000,698.176731647264,-78.053221524504
84000.000000000000,697.430578539983,-78.085218387658
84100.000000000000,696.552276818372,-78.338565860725
84200.000000000000,695.804721948147,-78.106751361303
84300.000000000000,695.036001860218,-78.119863810749
84400.000000000000,694.154864784066,-78.138907678347
84500.000000000000,693.469006273171,-78.143302831090
84600.000000000000,692.687689000087,-78.127099066013
84700.000000000000,691.885591925906,-78.163918164247
84800.000000000000,691.114163404985,-78.178867184081
84900.000000000000,690.383478116275,-78.200997521057
85000.000000000000,689.589744211241,-78.204480523121
85100.000000000000,688.837976826998,-78.211302726234
85200.000000000000,688.059318434474,-78.231151510608
85300.000000000000,687.320745946636,-78.248832120346
85400.000000000000,686.452074174183,-78.223742197628
85500.000000000000,685.781707646647,-78.505040778854
85600.000000000000,684.828525460012,-78.282043333552
85700.000000000000,684.170891153351,-78.288315771352
85800.000000000000,683.407918343922,-78.299298259714
85900.000000000000,682.817483369114,-78.314536863892
86000.000000000000,681.884807641306,-78.560425075391
86100.000000000000,681.156489695750,-78.344282247919
86200.000000000000,680.467399498971,-78.350095340852
86300.000000000000,679.730424936557,-78.339922339964
86400.000000000000,679.083057994574,-78.367743455258
86500.000000000000,678.123130214506,-78.627003025673
86600.000000000000,677.541847819194,-78.383087312971
86700.000000000000,676.643754087249,-78.399434742381
86800.000000000000,675.889206678561,-78.410686445658
86900.000000000000,675.170984976694,-78.440531791781
87000.000000000000,674.413648324700,-78.433415722945
87100.000000000000,673.837119685477,-78.422641304031
87200.000000000000,672.891390612156,-78.457271504206
87300.000000000000,672.186812131354,-78.470917753271
87400.000000000000,671.539039238909,-78.489679598813
87500.000000000000,670.819615586376,-78.489007083955
87600.000000000000,669.910008059495,-78.753705306727
87700.000000000000,669.358579843020,-78.525635139929
87800.000000000000,668.783053259299,-78.533394622853
87900.000000000000,667.821248670746,-78.539908262156
88000.000000000000,667.123972328891,-78.524664810111
88100.000000000000,666.412500511769,-78.555091369791
88200.000000000000,665.665506388132,-78.572191576308
88300.000000000000,664.993293732251,-78.579905463212
88400.000000000000,664.192707216553,-78.595214673911
88500.000000000000,663.516992580635,-78.607429900272
88600.000000000000,662.823866466673,-78.619937797965
88700.000000000000,662.054590857035,-78.625304677987
88800.000000000000,661.411874853735,-78.631050697880
88900.000000000000,660.626714315026,-78.627046923536
89000.000000000000,660.024196115543,-78.654746154361
89100.000000000000,659.259512199990,-78.929845014339
89200.000000000000,658.589621659980,-78.669563383501
89300.000000000000,657.877009446260,-78.691362893972
89400.000000000000,657.182686522162,-78.706990930555
89500.000000000000,656.486113319342,-78.712802106063
89600.000000000000,655.703550015901,-78.727436497328
89700.000000000000,655.000302469576,-78.708231518129
89800.000000000000,654.345768121352,-78.739937776422
89900.000000000000,653.648624561667,-78.757343322226
90000.000000000000,652.923816292613,-78.766818136829
90100.000000000000,652.254146945776,-79.039403295826
90200.000000000000,651.590006882001,-78.787002261831
90300.000000000000,650.803742072743,-78.797493605181
90400.000000000000,650.211777626509,-78.807453976259
90500.000000000000,649.496349389292,-78.815525621992
90600.000000000000,648.794536937479,-78.806252091008
90700.000000000000,648.095518620020,-78.832728909558
90800.000000000000,647.414443882123,-79.110839196643
90900.000000000000,646.700974489652,-78.858509578940
91000.000000000000,646.082877194861,-78.875359146409
91100.000000000000,645.386320031446,-78.880340210826
91200.000000000000,644.721660193028,-78.892660222141
91300.000000000000,644.073379455901,-78.898566739792
91400.000000000000,643.413053145306,-78.912711540263
91500.000000000000,642.634666237208,-78.895354471667
91600.000000000000,642.006117829520,-78.919897047527
91700.000000000000,641.302982817761,-78.951551252030
91800.000000000000,640.658429910322,-78.948578040141
91900.000000000000,639.980829374243,-78.965868082257
92000.000000000000,639.339365293215,-78.971226758843
92100.000000000000,638.626301095590,-78.984545755864
92200.000000000000,638.065726386163,-79.115856062236
92300.000000000000,637.337287842136,-78.994996408747
92400.000000000000,636.642020333361,-79.254812443743
92500.000000000000,636.054251374295,-79.026605193506
92600.000000000000,635.366063769254,-79.031648184020
92700.000000000000,634.626035654428,-79.049628274939
92800.000000000000,634.084597977419,-79.054834783939
92900.000000000000,633.377066083711,-79.062240617287
93000.000000000000,632.751386296846,-79.071074328199
93100.000000000000,632.082882739345,-79.084383652355
93200.000000000000,631.375654931214,-79.092866967250
93300.000000000000,630.740230259390,-79.346778402987
93400.000000000000,630.255221035781,-79.111451142994
93500.000000000000,629.482512691708,-79.124077036241
93600.000000000000,628.812553281012,-79.130600233494
93700.000000000000,628.205660781670,-79.140830073790
93800.000000000000,627.592105395021,-79.424313210954
93900.000000000000,626.861853437194,-79.162044360144
94000.000000000000,626.282679202399,-79.171938815795
94100.000000000000,625.643816937035,-79.182993324361
94200.000000000000,624.949968494460,-79.193812207064
94300.000000000000,624.387562220945,-79.449788653363
94400.000000000000,623.744172850890,-79.206609356756
94500.000000000000,623.081647328187,-79.218007142692
94600.000000000000,622.442251756107,-79.227288218016
94700.000000000000,621.765211442867,-79.238331576635
94800.000000000000,621.149945503217,-79.242493673320
94900.000000000000,620.603525546545,-79.263845562172
95000.000000000000,619.915061737132,-79.262335041611
95100.000000000000,619.360545742564,-79.280060758393
95200.000000000000,618.651665880260,-79.270713850010
95300.000000000000,618.040499638321,-79.289355407349
95400.000000000000,617.455359286017,-79.306272613845
95500.000000000000,616.788391596204,-79.312333328552
95600.000000000000,616.169260207401,-79.321328156885
95700.000000000000,615.630237064208,-79.337175009777
95800.000000000000,614.939532202079,-79.346566277820
95900.000000000000,614.356983338288,-79.351190328775
96000.000000000000,613.729578275782,-79.362084335851
96100.000000000000,613.117493765822,-79.625377875003
96200.000000000000,612.536473755102,-79.372929742769
96300.000000000000,611.878041338976,-79.384952583140
96400.000000000000,611.301939257521,-79.396458854435
96500.000000000000,610.633796387738,-79.413041690981
96600.000000000000,610.051408076710,-79.423740863850
96700.000000000000,609.475601924301,-79.421755705552
96800.000000000000,608.945049747259,-79.433438064895
96900.000000000000,608.274458674909,-79.453003935864
97000.000000000000,607.694957431148,-79.450400805353
97100.000000000000,607.093325708843,-79.432408373912
97200.000000000000,606.446877807384,-79.467614720256
97300.000000000000,605.831958674781,-79.486277948110
97400.000000000000,605.252263443292,-79.494722442075
97500.000000000000,604.652210509592,-79.502112316909
97600.000000000000,604.129859267919,-79.504804844990
97700.000000000000,603.418607960070,-79.802626735996
97800.000000000000,602.924241771851,-79.526915995792
97900.000000000000,602.325315144843,-79.533966985436
98000.000000000000,601.675591922860,-79.517375632888
98100.000000000000,601.068670389965,-79.553659925121
98200.000000000000,600.518113104413,-79.568780906439
98300.000000000000,599.915843281469,-79.576810142338
98400.000000000000,599.277032271467,-79.582946469588
98500.000000000000,598.712829104096,-79.588838507591
98600.000000000000,598.149624766608,-79.598321525444
98700.000000000000,597.668242367359,-79.852362822166
98800.000000000000,596.986533166345,-79.610371648950
98900.000000000000,596.423258177890,-79.619234636501
99000.000000000000,595.880914190832,-79.606310836147
99100.000000000000,595.245291947051,-79.633366457692
99200.000000000000,594.679650691247,-79.644139294258
99300.000000000000,594.120670799954,-79.661093302244
99400.000000000000,593.556312951783,-79.663517784486
99500.000000000000,592.980914055699,-79.674058657936
99600.000000000000,592.356918327932,-79.680758906415
99700.000000000000,591.803787336566,-79.694150700483
99800.000000000000,591.281291387160,-79.701608846477
99900.000000000000,590.656034034651,-79.712184130122
