Barrido en frecuencia -> f_inicial:2000, f_final:2000000, f_step:2000
Parametros -> N: 512, Fuente: 1, F_dac:1997922.081500 
Formato -> f,r,phi

2000.000000000000,3635.949356183756,-7.233441873854
4000.000000000000,3547.500165747995,-14.171614194862
6000.000000000000,3416.765689892493,-20.654244980216
8000.000000000000,3258.245999665800,-26.572044077322
10000.000000000000,3085.615161827924,-31.891021467283
12000.000000000000,2909.444418758191,-36.616138202186
14000.000000000000,2737.165755248946,-40.791327753279
16000.000000000000,2573.075617901948,-44.466270281795
18000.000000000000,2419.542719559280,-47.704253530015
20000.000000000000,2277.682216857967,-50.567201606098
22000.000000000000,2147.061286870574,-53.116205617556
24000.000000000000,2027.379955163024,-55.370931664252
26000.000000000000,1917.656134358509,-57.372166948936
28000.000000000000,1817.588197103705,-59.172738528404
30000.000000000000,1726.000246003156,-60.796122703980
32000.000000000000,1641.980616682889,-62.260195404503
34000.000000000000,1564.868380293432,-63.582294115905
36000.000000000000,1494.191722142065,-64.776616350629
38000.000000000000,1428.965295521431,-65.869582187165
40000.000000000000,1368.674658582193,-66.868009172682
42000.000000000000,1313.100301790707,-67.782795999258
44000.000000000000,1261.490795001536,-68.622474844455
46000.000000000000,1213.539767466639,-69.400828535622
48000.000000000000,1168.941049109495,-70.115868710451
50000.000000000000,1127.259375140075,-70.776557322381
52000.000000000000,1088.382390723257,-71.396410827648
54000.000000000000,1051.988454972638,-71.970385029139
56000.000000000000,1017.765483165005,-72.506325140209
58000.000000000000,985.621811210154,-73.003631387713
60000.000000000000,955.416823171795,-73.467726536982
62000.000000000000,926.948475248318,-73.907520703579
64000.000000000000,900.134891553548,-74.318530391063
66000.000000000000,874.724218580401,-74.705743660025
68000.000000000000,850.767167864717,-75.068286806847
70000.000000000000,827.952537846204,-75.407303178994
72000.000000000000,806.354610605106,-75.733305581958
74000.000000000000,785.876353883928,-76.066224730128
76000.000000000000,766.331106837276,-76.331226071001
78000.000000000000,747.742206919179,-76.600113686498
80000.000000000000,730.044617201444,-76.857863821094
82000.000000000000,713.183189840847,-77.114958763943
84000.000000000000,696.933323597152,-77.342370712727
86000.000000000000,681.501236527565,-77.560539833163
88000.000000000000,666.713247524776,-77.771185564991
90000.000000000000,652.508096834322,-77.975129500125
92000.000000000000,638.906148254853,-78.170780377743
94000.000000000000,625.909801100535,-78.349382884757
96000.000000000000,613.365209621046,-78.521373924375
98000.000000000000,601.280030319629,-78.689682051285
100000.000000000000,589.736156207633,-78.851427097709
102000.000000000000,578.605354377746,-79.006102909455
104000.000000000000,567.889187392153,-79.147611791369
106000.000000000000,557.548918509805,-79.289345182741
108000.000000000000,547.543343143451,-79.426077058631
110000.000000000000,537.917054889129,-79.549998108827
112000.000000000000,528.575129166907,-79.674916281297
114000.000000000000,519.624704982189,-79.791572128303
116000.000000000000,510.876096777253,-79.904613239055
118000.000000000000,502.512190436958,-80.015571141016
120000.000000000000,494.338169600512,-80.121561392718
122000.000000000000,486.487040036359,-80.218730523518
124000.000000000000,478.874578680243,-80.319915044387
126000.000000000000,471.451836110279,-80.406487131116
128000.000000000000,464.265377939663,-80.503566802822
130000.000000000000,457.320983254470,-80.584301864194
132000.000000000000,450.586940818099,-80.666424084897
134000.000000000000,444.022468372097,-80.743442598003
136000.000000000000,437.678923602562,-80.818732404236
138000.000000000000,431.467405171034,-80.896506141715
140000.000000000000,425.482498398634,-80.963511807161
142000.000000000000,419.646851685255,-81.027231567221
144000.000000000000,413.940568891224,-81.107427885862
146000.000000000000,408.404033949776,-81.159495514397
148000.000000000000,403.019848739067,-81.219534998931
150000.000000000000,397.728731825359,-81.301177237194
152000.000000000000,392.646671843163,-81.353394650021
154000.000000000000,387.660254464508,-81.411176681972
156000.000000000000,382.772355451887,-81.452620751092
158000.000000000000,378.053325501465,-81.505587626669
160000.000000000000,373.412951328730,-81.555992240740
162000.000000000000,368.874375537519,-81.629069935665
164000.000000000000,364.502408312953,-81.649473231721
166000.000000000000,360.238684619388,-81.693965512849
168000.000000000000,355.999328618099,-81.764562593887
170000.000000000000,351.910419053441,-81.769731577469
172000.000000000000,347.872406283042,-81.819049409271
174000.000000000000,343.985183916069,-81.875348651669
176000.000000000000,340.151578609033,-81.903148163576
178000.000000000000,336.426588065650,-81.950207187166
180000.000000000000,332.757747507623,-82.000881089404
182000.000000000000,329.178679697938,-82.011960742321
184000.000000000000,325.648369069318,-82.051815331341
186000.000000000000,322.236766007123,-82.095275147781
188000.000000000000,318.922930190219,-82.163074449959
190000.000000000000,315.615336741238,-82.186917683011
192000.000000000000,312.356787023651,-82.201411675766
194000.000000000000,309.175775760856,-82.321765350418
196000.000000000000,305.986182015290,-82.342021532321
198000.000000000000,302.851515885812,-82.372931122573
200000.000000000000,299.743924984480,-82.410624771071
202000.000000000000,296.447326827022,-82.477947355944
204000.000000000000,293.202530579692,-82.561944049513
206000.000000000000,289.976328969618,-82.533633517104
208000.000000000000,286.742312035314,-82.427076943237
210000.000000000000,283.719264156199,-82.368468765036
212000.000000000000,280.921168325997,-82.176432251113
214000.000000000000,278.581480311960,-82.015816633289
216000.000000000000,276.586763588786,-81.902408365946
218000.000000000000,274.771739656374,-81.865364593027
220000.000000000000,273.060968073517,-81.893763493787
222000.000000000000,271.250240439525,-81.870164782262
224000.000000000000,269.376036519566,-81.944145486434
226000.000000000000,267.499883973425,-82.037008430073
228000.000000000000,265.458620541316,-82.024519022686
230000.000000000000,263.438760087947,-82.230587232839
232000.000000000000,261.219517739165,-82.305643620489
234000.000000000000,259.024042242177,-82.389820058508
236000.000000000000,256.945180878605,-82.522753545945
238000.000000000000,254.665728117295,-82.526979239269
240000.000000000000,252.529178054809,-82.558296281021
242000.000000000000,250.326169457956,-82.622414859922
244000.000000000000,248.271552350778,-82.670842817294
246000.000000000000,246.208179452071,-82.731885203979
248000.000000000000,244.164402893202,-82.730400604367
250000.000000000000,242.122297148911,-82.738614613773
252000.000000000000,240.161968611212,-82.768584246362
254000.000000000000,238.214095436769,-82.776459308120
256000.000000000000,236.288615809531,-82.833528493602
258000.000000000000,234.451767285262,-82.804902630536
260000.000000000000,232.619383897863,-82.814789853560
262000.000000000000,230.912215280779,-82.824725281957
264000.000000000000,229.054439711628,-82.838576460843
266000.000000000000,227.318389078651,-82.874315780587
268000.000000000000,225.611094133905,-82.845673612555
270000.000000000000,223.932018539602,-82.849298024703
272000.000000000000,222.259684572305,-82.859403807577
274000.000000000000,220.584247803207,-82.862507421222
276000.000000000000,218.996739770529,-82.839037210878
278000.000000000000,217.426539366219,-82.859619655931
280000.000000000000,215.940944315410,-82.865352417618
282000.000000000000,214.430363670488,-82.859069836581
284000.000000000000,212.878986339426,-82.670550017698
286000.000000000000,211.422395455964,-82.816808521439
288000.000000000000,209.921240462184,-82.850125424513
290000.000000000000,208.490106513835,-82.836444209694
292000.000000000000,207.108632260641,-82.849254262004
294000.000000000000,205.713902507364,-82.830453191280
296000.000000000000,204.284544164947,-82.824273242352
298000.000000000000,202.873074794935,-82.794172831867
300000.000000000000,201.594617487823,-82.817311412932
302000.000000000000,200.278577399057,-82.802441942872
304000.000000000000,199.020427770840,-82.819619674673
306000.000000000000,197.735418452273,-82.800522815200
308000.000000000000,196.412800911983,-82.813447456084
310000.000000000000,195.122719603241,-82.703635601890
312000.000000000000,193.923408392445,-82.798468459813
314000.000000000000,192.675729306284,-82.789988069982
316000.000000000000,191.512860190806,-82.759514365366
318000.000000000000,190.317809734296,-82.787017405677
320000.000000000000,189.110843971014,-82.764702460963
322000.000000000000,187.906738641239,-82.619056594895
324000.000000000000,186.804115719863,-82.705495920698
326000.000000000000,185.674735335091,-82.709404348843
328000.000000000000,184.572300585941,-82.716469958251
330000.000000000000,183.445647972181,-82.673684310175
332000.000000000000,182.423657382320,-82.691462089031
334000.000000000000,181.247399430086,-82.621785024809
336000.000000000000,180.192257913001,-82.680727132180
338000.000000000000,179.166633357321,-82.667759244152
340000.000000000000,178.194112631028,-82.647410439351
342000.000000000000,177.116229996964,-82.646942350489
344000.000000000000,176.079465936945,-82.622108701470
346000.000000000000,175.025305738740,-82.574979121477
348000.000000000000,174.051073589523,-82.496078772801
350000.000000000000,173.039175053493,-82.579271766538
352000.000000000000,172.094012415693,-82.548652285088
354000.000000000000,171.162377351364,-82.528780380299
356000.000000000000,170.189766952797,-82.539371587383
358000.000000000000,169.276355437527,-82.495488777089
360000.000000000000,168.310883312325,-82.492141446389
362000.000000000000,167.344408121883,-82.303547309760
364000.000000000000,166.561775830131,-82.466676910536
366000.000000000000,165.626665709058,-82.422626874616
368000.000000000000,164.719474491820,-82.428991619548
370000.000000000000,163.829436446079,-82.439442136830
372000.000000000000,162.976315617902,-82.417387842938
374000.000000000000,162.133017714722,-82.422906304992
376000.000000000000,161.162199563417,-82.202409126025
378000.000000000000,160.431511431199,-82.287904116254
380000.000000000000,159.577564554274,-82.329396695985
382000.000000000000,158.735232143577,-82.268369543725
384000.000000000000,157.959698759111,-82.267902106092
386000.000000000000,157.180990087315,-82.261734574853
388000.000000000000,156.375015373723,-82.246845716443
390000.000000000000,155.575850061977,-82.091250177592
392000.000000000000,154.782177742629,-82.225997820860
394000.000000000000,154.026516693040,-82.027064540239
396000.000000000000,153.224840854445,-81.959699177365
398000.000000000000,152.492560205514,-82.146858728485
400000.000000000000,151.743018166211,-82.126473874721
402000.000000000000,150.988355853963,-82.041222129668
404000.000000000000,150.211021509855,-81.997374142517
406000.000000000000,149.586916119804,-82.374616687986
408000.000000000000,148.817955591617,-82.062836332209
410000.000000000000,148.044200415941,-82.043603942895
412000.000000000000,147.398875515604,-81.988695190570
414000.000000000000,146.644135814948,-82.021316778068
416000.000000000000,145.970731779162,-81.956438302603
418000.000000000000,145.358749529135,-81.995384133421
420000.000000000000,144.656310399135,-81.950256298269
422000.000000000000,143.921220132219,-81.945521088436
424000.000000000000,143.346647023665,-81.888330177363
426000.000000000000,142.641205796989,-81.902659371762
428000.000000000000,141.945120355066,-81.862467907888
430000.000000000000,141.320635115596,-81.850410742261
432000.000000000000,140.768893087676,-81.831176426683
434000.000000000000,140.103701378801,-81.828819157269
436000.000000000000,139.403566373913,-81.823270699192
438000.000000000000,138.839318243452,-81.859122117880
440000.000000000000,138.129607896831,-81.792180846802
442000.000000000000,137.589309763781,-81.751301208213
444000.000000000000,136.938782627078,-81.730872055052
446000.000000000000,136.227082856091,-81.744803495735
448000.000000000000,135.713172640351,-81.726821218225
450000.000000000000,135.080389512503,-81.702991157846
452000.000000000000,134.573106273688,-81.659697809660
454000.000000000000,134.010312351730,-81.721633813965
456000.000000000000,133.454079635921,-81.872306103040
458000.000000000000,132.761004408565,-81.607618627606
460000.000000000000,132.221706709493,-81.616152278339
462000.000000000000,131.708837118043,-81.620243999008
464000.000000000000,131.108512452936,-81.585567130140
466000.000000000000,130.632206269321,-81.595823643500
468000.000000000000,130.120909474560,-81.518231834749
470000.000000000000,129.512445153278,-81.485651900383
472000.000000000000,128.954875143193,-81.558866162443
474000.000000000000,128.405412759206,-81.590403789691
476000.000000000000,127.939938698496,-81.548210101298
478000.000000000000,127.338760702664,-81.470599968780
480000.000000000000,126.866437989821,-81.461040779494
482000.000000000000,126.465387260085,-81.904787212900
484000.000000000000,125.895222045073,-81.442210660444
486000.000000000000,125.366487814163,-81.433672426876
488000.000000000000,124.789771162439,-81.373782555071
490000.000000000000,124.315552600930,-81.405052924323
492000.000000000000,124.009256335865,-81.896532755157
494000.000000000000,123.357320645804,-81.339685019244
496000.000000000000,122.875755129676,-81.370402514720
498000.000000000000,122.450673658691,-81.461153897462
500000.000000000000,121.912568153766,-81.369486604393
502000.000000000000,121.424781649941,-81.315274344422
504000.000000000000,120.889818791556,-81.284857895634
506000.000000000000,120.519158058320,-81.368597489210
508000.000000000000,120.073536843512,-81.400195346054
510000.000000000000,119.570656557246,-81.345804289432
512000.000000000000,119.198599216014,-81.699775718434
514000.000000000000,118.637689770863,-81.279226204400
516000.000000000000,118.227775315504,-81.404463429828
518000.000000000000,117.830907509640,-81.267981419570
520000.000000000000,117.295356118826,-81.163532118895
522000.000000000000,116.930804451929,-81.263888563387
524000.000000000000,116.407220832940,-81.190260503795
526000.000000000000,116.070759339777,-81.296356433019
528000.000000000000,115.541931901452,-81.162240795342
530000.000000000000,115.225262975976,-81.105678825629
532000.000000000000,114.768736072123,-81.437473633158
534000.000000000000,114.394551275050,-81.248728363094
536000.000000000000,113.925414898320,-81.246727459374
538000.000000000000,113.497949014277,-81.124980903234
540000.000000000000,113.222291826224,-81.316549896489
542000.000000000000,112.752401834368,-81.200177228880
544000.000000000000,112.428423934897,-81.264076945520
546000.000000000000,111.970948198436,-81.102321889895
548000.000000000000,111.542559797067,-81.056049447060
550000.000000000000,111.180632753570,-81.233569854853
552000.000000000000,110.852406888282,-81.400901514270
554000.000000000000,110.408642889591,-81.123452749734
556000.000000000000,110.010460646885,-81.078058047179
558000.000000000000,109.612846224944,-81.055997928812
560000.000000000000,109.266984219000,-81.174270654593
562000.000000000000,108.886975043584,-81.217001968167
564000.000000000000,108.558940858173,-81.173912398222
566000.000000000000,108.124363188377,-81.049868907426
568000.000000000000,107.766081197169,-81.103838708888
570000.000000000000,107.368758306715,-80.982120929244
572000.000000000000,107.048874097933,-81.019940041949
574000.000000000000,106.729991572036,-81.236186380061
576000.000000000000,106.359255221693,-81.090869402876
578000.000000000000,105.800434515820,-80.793177989953
580000.000000000000,105.601995563905,-81.008261712940
582000.000000000000,105.327607850295,-81.073379127821
584000.000000000000,104.844006799549,-81.072072215268
586000.000000000000,104.301502980284,-81.099613612922
588000.000000000000,104.000274003441,-80.901252434206
590000.000000000000,103.037664036725,-80.847977039772
592000.000000000000,103.361126814458,-80.908254777526
594000.000000000000,103.203299577165,-80.978637717319
596000.000000000000,102.840994513451,-80.882356594316
598000.000000000000,102.662088538699,-80.986970461244
600000.000000000000,102.227412225886,-80.859824659078
602000.000000000000,101.935173460649,-80.959829793070
604000.000000000000,101.535522275852,-80.876924411371
606000.000000000000,101.239693285947,-80.931086014565
608000.000000000000,100.929386255182,-80.862829785218
610000.000000000000,100.700255971139,-80.940718420844
612000.000000000000,100.231936271080,-80.813307742265
614000.000000000000,100.073245568528,-80.874837876356
616000.000000000000,99.668867316537,-80.754609702309
618000.000000000000,99.364352921611,-80.862665448727
620000.000000000000,98.961200811447,-80.718807748929
622000.000000000000,98.737824643150,-80.767131040390
624000.000000000000,98.446673545389,-80.707853589531
626000.000000000000,98.131214811996,-80.737903748004
628000.000000000000,97.805181554916,-80.701732713456
630000.000000000000,97.377253252065,-80.691540290378
632000.000000000000,97.253342044375,-80.721137878216
634000.000000000000,96.908699584734,-80.672773544939
636000.000000000000,96.662406911615,-80.595269499152
638000.000000000000,96.252955695253,-80.671036254370
640000.000000000000,96.039631674318,-80.636272636984
642000.000000000000,95.760313755574,-80.573307527390
644000.000000000000,95.332117241983,-80.050681693117
646000.000000000000,95.067450700625,-80.499796213979
648000.000000000000,94.659183987428,-79.943701593122
650000.000000000000,94.595117292118,-80.507734997549
652000.000000000000,94.381460618470,-80.476692081293
654000.000000000000,94.061522818893,-80.452226288529
656000.000000000000,93.756664625859,-80.454016509467
658000.000000000000,93.560986085473,-80.419849561312
660000.000000000000,93.161240745464,-80.449044708256
662000.000000000000,92.997159244512,-80.437850686541
664000.000000000000,92.640049864808,-80.391664195775
666000.000000000000,92.485568975031,-80.320648022743
668000.000000000000,92.156021739260,-80.362981425198
670000.000000000000,91.718942707994,-79.967876290674
672000.000000000000,91.669050569963,-80.326300576577
674000.000000000000,91.526492239745,-80.364721469900
676000.000000000000,91.370954926902,-80.301024597970
678000.000000000000,90.623732590414,-80.006787197407
680000.000000000000,90.479136829895,-80.390876044882
682000.000000000000,90.291013420231,-80.218581955551
684000.000000000000,90.658555389734,-79.819602868201
686000.000000000000,89.748713389642,-80.090556851731
688000.000000000000,89.410254976060,-79.704116059772
690000.000000000000,89.194886063705,-79.901720111687
692000.000000000000,89.097664113976,-80.033313173310
694000.000000000000,88.785440853135,-80.129015251245
696000.000000000000,88.392420554952,-79.513878783071
698000.000000000000,88.316380624299,-79.897407004898
700000.000000000000,87.989481467954,-79.708027800548
702000.000000000000,87.817152699956,-79.987726223405
704000.000000000000,87.591090242495,-79.686333662933
706000.000000000000,87.305874326968,-79.613961147532
708000.000000000000,87.002450782174,-79.871969976528
710000.000000000000,86.357479863645,-79.545645893075
712000.000000000000,86.486001248222,-79.367519351713
714000.000000000000,86.393916459378,-79.548712156994
716000.000000000000,86.205536351392,-79.711948726675
718000.000000000000,86.003246131395,-79.865206856639
720000.000000000000,85.646968903707,-79.690459761528
722000.000000000000,85.404478044380,-79.332215720578
724000.000000000000,85.180171370925,-79.162278372428
726000.000000000000,84.949317294044,-79.294174701727
728000.000000000000,84.870891483131,-79.508210572972
730000.000000000000,84.542273221282,-79.504396086944
732000.000000000000,84.247361424156,-79.189244568170
734000.000000000000,84.142030263442,-79.434888975927
736000.000000000000,83.834970252856,-79.380478369080
738000.000000000000,83.602865440194,-79.002911690489
740000.000000000000,83.431241107702,-79.223302268600
742000.000000000000,83.209749326679,-79.199746139999
744000.000000000000,82.937262480504,-79.134780825162
746000.000000000000,82.801954713036,-79.294149340033
748000.000000000000,82.667978446909,-79.245021693271
750000.000000000000,82.803192973927,-79.495362790640
752000.000000000000,81.990320515004,-79.389320060276
754000.000000000000,81.891607046340,-78.836691984577
756000.000000000000,81.766125107327,-78.923287730279
758000.000000000000,81.416036573742,-78.766305705359
760000.000000000000,81.260947055154,-78.792723514724
762000.000000000000,81.140783299385,-79.043211119738
764000.000000000000,80.863940447885,-78.806692031867
766000.000000000000,80.676815349044,-78.881777155537
768000.000000000000,80.429016514919,-78.814720309062
770000.000000000000,80.253726172241,-78.660123402680
772000.000000000000,80.061048764313,-78.667948909419
774000.000000000000,79.984938803518,-78.673062010100
776000.000000000000,79.608674702470,-78.567925772761
778000.000000000000,79.285547458482,-78.502788454727
780000.000000000000,79.276293156677,-78.744185831480
782000.000000000000,79.107348245528,-78.494008096004
784000.000000000000,78.577659914227,-77.606197482344
786000.000000000000,78.727002811252,-78.661055786378
788000.000000000000,78.398205470760,-78.192391742627
790000.000000000000,78.411462277330,-78.498315156278
792000.000000000000,78.032031282454,-78.422082785952
794000.000000000000,77.905323113828,-78.455412360645
796000.000000000000,77.805347461883,-78.567497679831
798000.000000000000,77.569046022551,-78.445584809512
800000.000000000000,77.347886481961,-78.290954292417
802000.000000000000,77.258354996034,-78.367870591852
804000.000000000000,77.160947152121,-79.109978303376
806000.000000000000,76.949091352677,-78.633343481309
808000.000000000000,76.673533670652,-78.139558158480
810000.000000000000,76.402178828666,-78.157376304023
812000.000000000000,76.458240354901,-79.117830484258
814000.000000000000,76.288479311965,-78.108177672219
816000.000000000000,76.008456884824,-78.156339578251
818000.000000000000,75.724407329605,-78.160474332189
820000.000000000000,75.708023056385,-78.060156507507
822000.000000000000,75.409091729451,-78.058436344805
824000.000000000000,75.229034307348,-78.164485814214
826000.000000000000,75.008830253549,-77.947951141300
828000.000000000000,74.818508102489,-78.000217127918
830000.000000000000,74.789159098509,-78.084601525326
832000.000000000000,74.650052795724,-78.167925148762
834000.000000000000,74.343887822907,-77.956662458894
836000.000000000000,74.091706338933,-77.897107474841
838000.000000000000,74.028358231892,-77.873151092064
840000.000000000000,73.788990135431,-77.716567171579
842000.000000000000,73.631958905620,-77.957062800695
844000.000000000000,73.642950009955,-78.657654103205
846000.000000000000,73.343838780134,-77.943537318734
848000.000000000000,73.203274958106,-77.747189563818
850000.000000000000,73.032101875131,-78.019726212007
852000.000000000000,72.915581124694,-77.946745169510
854000.000000000000,72.642351509210,-77.790285012463
856000.000000000000,72.564987226480,-77.818511725736
858000.000000000000,72.452150481796,-78.022729131629
860000.000000000000,72.266566271414,-77.808935261190
862000.000000000000,72.054607153885,-77.701552358615
864000.000000000000,71.914889775469,-77.623902332059
866000.000000000000,71.771649439633,-77.930690079192
868000.000000000000,71.481845391723,-77.562790204425
870000.000000000000,71.487843748618,-77.716260525217
872000.000000000000,71.505462026721,-77.732974639692
874000.000000000000,71.138945946512,-77.594626532805
876000.000000000000,71.038050384533,-77.753934215125
878000.000000000000,71.144332825514,-78.434601681167
880000.000000000000,70.502347021709,-77.600541229430
882000.000000000000,70.724205109137,-78.060664163729
884000.000000000000,70.416161576175,-77.403616744075
886000.000000000000,70.214869611805,-77.849738588165
888000.000000000000,70.133895725698,-77.876265846094
890000.000000000000,69.971906520228,-77.906260689935
892000.000000000000,69.714206443573,-77.520486656153
894000.000000000000,69.665768267755,-77.399153107899
896000.000000000000,69.434593909804,-77.713445136158
898000.000000000000,69.412885228118,-77.675340839634
900000.000000000000,69.207552728507,-77.315086247422
902000.000000000000,69.201935000219,-77.938256157358
904000.000000000000,68.843274516622,-77.420558416989
906000.000000000000,68.956489021203,-78.005458042287
908000.000000000000,68.712720405685,-77.472107030488
910000.000000000000,68.531039179256,-77.713274143515
912000.000000000000,68.677539675070,-78.045601953110
914000.000000000000,68.446237744522,-77.963863605259
916000.000000000000,68.267949337711,-77.857518441037
918000.000000000000,68.106817454883,-77.763328569064
920000.000000000000,67.852546143694,-77.533856136133
922000.000000000000,67.757166443217,-77.585788422309
924000.000000000000,67.527697767264,-77.403430449226
926000.000000000000,67.360895724864,-77.308411793452
928000.000000000000,67.422252182128,-77.699631899932
930000.000000000000,67.274639383490,-77.668493417553
932000.000000000000,67.243626463669,-77.867229662468
934000.000000000000,67.040629981471,-77.648606450779
936000.000000000000,66.874321376396,-77.814529589790
938000.000000000000,66.735610547607,-77.506280031755
940000.000000000000,66.681118794264,-77.679241386730
942000.000000000000,66.405429538062,-77.312920202857
944000.000000000000,66.277357392324,-77.122649908941
946000.000000000000,66.208822173150,-77.650801732610
948000.000000000000,65.782284136646,-76.570482753745
950000.000000000000,66.125569043741,-77.604116009308
952000.000000000000,65.756514897938,-77.338762833318
954000.000000000000,65.717590659445,-77.558271500214
956000.000000000000,65.675456331544,-77.591215563816
958000.000000000000,65.400129844386,-77.324373705051
960000.000000000000,65.330233581140,-77.506476576686
962000.000000000000,65.119831322689,-77.303373401574
964000.000000000000,65.058336474116,-77.412191504048
966000.000000000000,64.971423066938,-77.437788935843
968000.000000000000,64.817459685354,-77.438882689793
970000.000000000000,64.747653108768,-77.406047347390
972000.000000000000,64.649745618111,-77.491927974786
974000.000000000000,64.511883815252,-77.445712336954
976000.000000000000,64.363695060881,-77.299141497302
978000.000000000000,64.252956245349,-77.302555760513
980000.000000000000,64.053920844739,-77.316306402590
982000.000000000000,63.942078317359,-77.278259168783
984000.000000000000,63.654515593051,-76.930007711422
986000.000000000000,63.768811099812,-77.192043831080
988000.000000000000,63.654613863876,-77.212159874376
990000.000000000000,63.432322464082,-77.271285897481
992000.000000000000,63.306257822448,-77.191542098000
994000.000000000000,63.276189565818,-77.126789596866
996000.000000000000,63.179262835523,-77.106954055406
998000.000000000000,62.998606317774,-76.971192277160
1000000.000000000000,62.924205836054,-77.219437341985
1002000.000000000000,62.767909124386,-77.014061551787
1004000.000000000000,62.722367857320,-77.126412200575
1006000.000000000000,62.605885807104,-77.059136554392
1008000.000000000000,62.415330764119,-76.985147861679
1010000.000000000000,62.436542541183,-77.006998755728
1012000.000000000000,62.210733296173,-77.047472231787
1014000.000000000000,62.129917210070,-76.853115719766
1016000.000000000000,61.870974163636,-76.503498645751
1018000.000000000000,62.036924227959,-77.096714474728
1020000.000000000000,61.771611413784,-76.858030122364
1022000.000000000000,61.665123718387,-76.819693408689
1024000.000000000000,61.196515334591,-75.786444805345
1026000.000000000000,61.146624099909,-76.055265407803
1028000.000000000000,61.311571835168,-76.676169103522
1030000.000000000000,61.261742036619,-76.933255476016
1032000.000000000000,61.085059226913,-76.773769123929
1034000.000000000000,60.984067214104,-76.577986179768
1036000.000000000000,60.847907785419,-76.613426686518
1038000.000000000000,60.746014598675,-76.680575121943
1040000.000000000000,60.620097768567,-76.571863112860
1042000.000000000000,60.357905771890,-76.062711393628
1044000.000000000000,60.413796250090,-76.528647481505
1046000.000000000000,60.284388592054,-76.397820133166
1048000.000000000000,60.250785911814,-76.511413190541
1050000.000000000000,59.947930953229,-76.184345757811
1052000.000000000000,59.942927531814,-76.238980338859
1054000.000000000000,59.784577279756,-76.149689831196
1056000.000000000000,59.841190278792,-76.537090052947
1058000.000000000000,59.508770102232,-75.983342015328
1060000.000000000000,59.706598214043,-76.565009266247
1062000.000000000000,59.299036529299,-76.061484110181
1064000.000000000000,59.137406842838,-75.400706379839
1066000.000000000000,59.023579962785,-75.263798475664
1068000.000000000000,58.896065700574,-75.874330182612
1070000.000000000000,58.644459175813,-75.620902482129
1072000.000000000000,58.849960529408,-75.881022758003
1074000.000000000000,58.732018485022,-75.822878832764
1076000.000000000000,58.608850929491,-75.634483542517
1078000.000000000000,58.702393065597,-76.170838090235
1080000.000000000000,58.476745785271,-75.765824940995
1082000.000000000000,58.204865528021,-75.419477432441
1084000.000000000000,58.192890079939,-75.437445450855
1086000.000000000000,58.266247093224,-75.896041182310
1088000.000000000000,58.068514019117,-75.838471971565
1090000.000000000000,57.861771598183,-75.435780144036
1092000.000000000000,57.723980500620,-75.505493274014
1094000.000000000000,57.679511017635,-75.336944734440
1096000.000000000000,57.546718539143,-75.127603239438
1098000.000000000000,57.467594663834,-75.375390473838
1100000.000000000000,57.501154450643,-75.758096909353
1102000.000000000000,57.334156106591,-75.514934541915
1104000.000000000000,57.007046708723,-74.877236047579
1106000.000000000000,57.395409566330,-75.928962155672
1108000.000000000000,56.975173356010,-75.171705816529
1110000.000000000000,56.915006374152,-75.113978235725
1112000.000000000000,56.856585170047,-75.047234614672
1114000.000000000000,56.690395655048,-74.905213300833
1116000.000000000000,56.741762869160,-75.344568201501
1118000.000000000000,56.616962391895,-75.328702760837
1120000.000000000000,56.402947855655,-74.988791529101
1122000.000000000000,56.421247537813,-75.080714868453
1124000.000000000000,56.266922862914,-75.105682680683
1126000.000000000000,56.227143034853,-75.205919998711
1128000.000000000000,55.923783869413,-74.675687675759
1130000.000000000000,55.995475137544,-75.040919926795
1132000.000000000000,55.877688574277,-74.635283725887
1134000.000000000000,55.714780344063,-74.696046082554
1136000.000000000000,55.677076646364,-74.711178191714
1138000.000000000000,55.614191221880,-74.800265689696
1140000.000000000000,55.543787968947,-74.724064330674
1142000.000000000000,55.300372775166,-74.528806604992
1144000.000000000000,55.218821228275,-74.438494542214
1146000.000000000000,55.173497802879,-74.519961022195
1148000.000000000000,55.351746328228,-75.073196596000
1150000.000000000000,54.965278919941,-74.447946089493
1152000.000000000000,54.810883310816,-74.319085622904
1154000.000000000000,54.765688689363,-74.307545074105
1156000.000000000000,54.827785029069,-74.574224302562
1158000.000000000000,54.591766775482,-74.456875641555
1160000.000000000000,54.491379767686,-74.254313286187
1162000.000000000000,54.517876120302,-74.476193633335
1164000.000000000000,54.306971228852,-74.228385305150
1166000.000000000000,53.978836063557,-72.898381465882
1168000.000000000000,54.156856623251,-74.005902609128
1170000.000000000000,54.056662367146,-74.170902688615
1172000.000000000000,54.119645864861,-74.428044354237
1174000.000000000000,53.971618873052,-74.369480529450
1176000.000000000000,53.824314191558,-74.094824507579
1178000.000000000000,53.851130597011,-74.109016793417
1180000.000000000000,53.727117218531,-74.140377071997
1182000.000000000000,53.573181480823,-74.031951652413
1184000.000000000000,53.755446713391,-74.704966168463
1186000.000000000000,53.468696452115,-73.992770601078
1188000.000000000000,53.444890775399,-74.027498853830
1190000.000000000000,53.192213292231,-74.001289793402
1192000.000000000000,53.212810770748,-73.643615649409
1194000.000000000000,53.489054166561,-74.920032675295
1196000.000000000000,53.286458807864,-74.407532231240
1198000.000000000000,52.923876989012,-73.769278214375
1200000.000000000000,52.912408929383,-73.885216973629
1202000.000000000000,53.018223973742,-74.434378429911
1204000.000000000000,52.763361654821,-73.892680055493
1206000.000000000000,52.739213941903,-74.032065527428
1208000.000000000000,52.543684024723,-73.721064766300
1210000.000000000000,52.533425477528,-73.887438457964
1212000.000000000000,52.386546868590,-73.695291210006
1214000.000000000000,52.359634372915,-73.784198495720
1216000.000000000000,52.420783502147,-74.054068473046
1218000.000000000000,52.035869267854,-73.562074149594
1220000.000000000000,52.166079288185,-73.970060794247
1222000.000000000000,52.123390359339,-73.861794920243
1224000.000000000000,52.235546684882,-74.351994696862
1226000.000000000000,51.963610584204,-73.683792419115
1228000.000000000000,51.832130370039,-73.621237764154
1230000.000000000000,51.894333064499,-73.919655972809
1232000.000000000000,51.920569328340,-74.320545618383
1234000.000000000000,51.650406418884,-73.626736928972
1236000.000000000000,51.609143416826,-73.745130917279
1238000.000000000000,51.698275759548,-74.272510756489
1240000.000000000000,51.364436803782,-73.520612481344
1242000.000000000000,51.298083042474,-73.427173769868
1244000.000000000000,51.343004513873,-73.804261027927
1246000.000000000000,51.296195630156,-74.141026267147
1248000.000000000000,51.395336779492,-74.375781522038
1250000.000000000000,51.094233487890,-73.618898590294
1252000.000000000000,51.070192942363,-73.852055697341
1254000.000000000000,51.002330626014,-73.819157018111
1256000.000000000000,50.924809083222,-73.849590145420
1258000.000000000000,50.645019739573,-73.358553888743
1260000.000000000000,50.892661955646,-74.248511400336
1262000.000000000000,50.597782843278,-73.400227197898
1264000.000000000000,50.547949712199,-73.311580055763
1266000.000000000000,50.507342477630,-73.376479114198
1268000.000000000000,50.382538936847,-73.303910914057
1270000.000000000000,50.350932144405,-73.239398598829
1272000.000000000000,50.550634279631,-74.355457886593
1274000.000000000000,50.392161004700,-73.803517323585
1276000.000000000000,50.259462247526,-73.820617534840
1278000.000000000000,50.154374941315,-73.611670630743
1280000.000000000000,50.144459785202,-73.685216462924
1282000.000000000000,50.064960163510,-73.876437272139
1284000.000000000000,49.936773784225,-73.528870953928
1286000.000000000000,49.958996530263,-73.712203265712
1288000.000000000000,49.700839363732,-73.225185523021
1290000.000000000000,49.908023701200,-74.055233802509
1292000.000000000000,49.810040833935,-73.744385743950
1294000.000000000000,49.727333764448,-73.845039391626
1296000.000000000000,49.476542349157,-73.310979828458
1298000.000000000000,49.414626652517,-73.209873635928
1300000.000000000000,49.379016717016,-73.369937930909
1302000.000000000000,49.376884193721,-73.418570644929
1304000.000000000000,49.308772642971,-73.382987015083
1306000.000000000000,49.427149666364,-73.966641789993
1308000.000000000000,49.389543960932,-74.014526012248
1310000.000000000000,49.272610389697,-73.928620244450
1312000.000000000000,49.112642315329,-73.685039353990
1314000.000000000000,48.938618510117,-73.373041912580
1316000.000000000000,48.913036332768,-73.441149180604
1318000.000000000000,48.934800641948,-73.390548278390
1320000.000000000000,48.935165697607,-73.698341029198
1322000.000000000000,48.864102859581,-73.721703644954
1324000.000000000000,48.797575194977,-73.703878244408
1326000.000000000000,48.741705215471,-73.624188171389
1328000.000000000000,48.579581788074,-73.300796504637
1330000.000000000000,48.698157464565,-73.710012658679
1332000.000000000000,48.490900235037,-73.242752704836
1334000.000000000000,48.501267126950,-73.584216284644
1336000.000000000000,48.416736536731,-73.555125264271
1338000.000000000000,47.819348620779,-72.123669685232
1340000.000000000000,48.342058835373,-73.574168463268
1342000.000000000000,48.212939259444,-73.651203813598
1344000.000000000000,48.102273849369,-73.389893560265
1346000.000000000000,48.074113530104,-73.314881082065
1348000.000000000000,47.961305370354,-73.217218084626
1350000.000000000000,47.948470010618,-73.251357959223
1352000.000000000000,47.994338246028,-73.434001734221
1354000.000000000000,47.877725462872,-73.297927139168
1356000.000000000000,47.727049166720,-73.208900090145
1358000.000000000000,47.708107066573,-73.344656801089
1360000.000000000000,47.592951010606,-73.072040012683
1362000.000000000000,47.578761705075,-73.121913310880
1364000.000000000000,47.580318811489,-73.226458727516
1366000.000000000000,47.580034617526,-73.280300553783
1368000.000000000000,47.316522067985,-72.833102032365
1370000.000000000000,47.316201273558,-73.080371265363
1372000.000000000000,47.318365665546,-73.184068358491
1374000.000000000000,47.245615320263,-73.008590484377
1376000.000000000000,47.236322445061,-73.119628882243
1378000.000000000000,47.133188120917,-73.064971718272
1380000.000000000000,47.056907532092,-73.213169223920
1382000.000000000000,46.944453592179,-72.933800839162
1384000.000000000000,46.853571860778,-72.742075516350
1386000.000000000000,46.756237293281,-72.547373934848
1388000.000000000000,46.681703278014,-72.487245441724
1390000.000000000000,46.801703290015,-73.012868327340
1392000.000000000000,46.450499809247,-72.096224046490
1394000.000000000000,46.478745345059,-72.470765710227
1396000.000000000000,46.615596921763,-72.955231511108
1398000.000000000000,46.480164059779,-72.758681589238
1400000.000000000000,46.448500553618,-72.853822197305
1402000.000000000000,46.335494316918,-72.401541659566
1404000.000000000000,46.352226712430,-72.878324824723
1406000.000000000000,46.370322578223,-72.781897625384
1408000.000000000000,46.303180049427,-72.829483067457
1410000.000000000000,45.996609504241,-72.218616472944
1412000.000000000000,45.982024627289,-72.210380753793
1414000.000000000000,45.748002323348,-71.734467989140
1416000.000000000000,45.891204356973,-72.350104404886
1418000.000000000000,45.755319101870,-71.976769000422
1420000.000000000000,45.868616736057,-72.662777639866
1422000.000000000000,45.709555474112,-72.247534204278
1424000.000000000000,45.442730320507,-71.526915219360
1426000.000000000000,45.264031128609,-71.179448752802
1428000.000000000000,45.330825428930,-71.467458947978
1430000.000000000000,45.561142974723,-72.274155964796
1432000.000000000000,45.365358410414,-72.039889030939
1434000.000000000000,45.449483955611,-72.292107403968
1436000.000000000000,45.253330209249,-71.726871655003
1438000.000000000000,45.086230684243,-71.516722594597
1440000.000000000000,45.289570645722,-72.313871816688
1442000.000000000000,45.126788353302,-71.926613372587
1444000.000000000000,45.328289952809,-72.577528421097
1446000.000000000000,44.892652146689,-71.532947704426
1448000.000000000000,44.650390376513,-70.949903027831
1450000.000000000000,44.882668094049,-71.623110324425
1452000.000000000000,44.755793772330,-71.517462062625
1454000.000000000000,44.628493357976,-71.191875492206
1456000.000000000000,44.855940505337,-71.884406288341
1458000.000000000000,44.567814819143,-71.350349708086
1460000.000000000000,44.394607978072,-71.002138473032
1462000.000000000000,44.702537254000,-71.815135623701
1464000.000000000000,44.523190956644,-71.537408016455
1466000.000000000000,44.258459954494,-70.875827807996
1468000.000000000000,44.138139015093,-70.773057187208
1470000.000000000000,44.125357729044,-70.610767162782
1472000.000000000000,44.051507591320,-70.552910549834
1474000.000000000000,43.965812684539,-70.598826630238
1476000.000000000000,44.084593191053,-71.064223333796
1478000.000000000000,44.020678161686,-70.960562094054
1480000.000000000000,43.946534148624,-70.967314957675
1482000.000000000000,44.111828617260,-71.462224779178
1484000.000000000000,43.771009105359,-70.630927790286
1486000.000000000000,43.783387096458,-70.703016325671
1488000.000000000000,43.628228057657,-70.580139603259
1490000.000000000000,43.514814724140,-70.468695054184
1492000.000000000000,43.723324539166,-70.942757490701
1494000.000000000000,43.653882171944,-70.920096231223
1496000.000000000000,43.665104659638,-71.187611051350
1498000.000000000000,43.351015824647,-70.431161495625
1500000.000000000000,43.859556356650,-71.847218060393
1502000.000000000000,43.306622623375,-70.371475602190
1504000.000000000000,43.263066413221,-70.311363906966
1506000.000000000000,43.319905677464,-70.629514800252
1508000.000000000000,43.168553028100,-70.412544569502
1510000.000000000000,43.057398155437,-70.295015382430
1512000.000000000000,43.019493102418,-70.173178080723
1514000.000000000000,42.999257620614,-70.255651932564
1516000.000000000000,42.957791275013,-70.096882454132
1518000.000000000000,42.890430499623,-70.088674019430
1520000.000000000000,42.859368545773,-70.040761998595
1522000.000000000000,42.789846766478,-70.190475261721
1524000.000000000000,42.777726137339,-70.334180419856
1526000.000000000000,42.799756815384,-70.357070171513
1528000.000000000000,42.614513451091,-69.953843346856
1530000.000000000000,42.765399655243,-70.418271648160
1532000.000000000000,42.511578262016,-69.900239492272
1534000.000000000000,42.522668219611,-70.118455044315
1536000.000000000000,42.431643087992,-69.893522874313
1538000.000000000000,42.213236294400,-69.398171418432
1540000.000000000000,42.934214893443,-71.318524974371
1542000.000000000000,42.427108403561,-70.158709490393
1544000.000000000000,42.864758606246,-71.453273415330
1546000.000000000000,42.751105428626,-71.253488014075
1548000.000000000000,42.632128186838,-70.984574337646
1550000.000000000000,42.091088191791,-69.792009546585
1552000.000000000000,42.027005042901,-69.660833815324
1554000.000000000000,42.032318976315,-69.767378118854
1556000.000000000000,42.064708944005,-69.745633171700
1558000.000000000000,41.873769817688,-69.471802540760
1560000.000000000000,41.959986243166,-69.773026775047
1562000.000000000000,41.829369941146,-69.563421784396
1564000.000000000000,41.791231954322,-69.618754657685
1566000.000000000000,41.722744414785,-69.688134093526
1568000.000000000000,41.746433334061,-69.495959336860
1570000.000000000000,41.716808330126,-69.580393762496
1572000.000000000000,41.561415459106,-69.548325086852
1574000.000000000000,41.585840670440,-69.401200262831
1576000.000000000000,41.563956788376,-69.575592053168
1578000.000000000000,41.559302550965,-69.618991685338
1580000.000000000000,41.509623247070,-69.639825388471
1582000.000000000000,41.380180354836,-69.389927090537
1584000.000000000000,41.496892323819,-69.491328667819
1586000.000000000000,41.270399109799,-69.225154658159
1588000.000000000000,41.276651682160,-69.258439693914
1590000.000000000000,41.317601819744,-69.510294038207
1592000.000000000000,41.240036760191,-69.506560426333
1594000.000000000000,41.153709080628,-69.268377346886
1596000.000000000000,41.158424605181,-69.523681486424
1598000.000000000000,41.055041252501,-69.136602065975
1600000.000000000000,41.553440294984,-70.716393997823
1602000.000000000000,41.408262598800,-70.669059368995
1604000.000000000000,41.268561072163,-70.040854649795
1606000.000000000000,41.398503599041,-70.558562996217
1608000.000000000000,41.401854492648,-70.598689973598
1610000.000000000000,41.032848041382,-69.801751019168
1612000.000000000000,41.289637324848,-70.539723408350
1614000.000000000000,40.792933899966,-69.337791510033
1616000.000000000000,40.701930641449,-69.121439915168
1618000.000000000000,40.712692278809,-69.347875107509
1620000.000000000000,40.990558631309,-70.151531922304
1622000.000000000000,40.954301411836,-69.899683080531
1624000.000000000000,40.889451513357,-70.001507173647
1626000.000000000000,40.891473619862,-70.095134446845
1628000.000000000000,40.624826206793,-69.528770748561
1630000.000000000000,40.627367557961,-69.462612235377
1632000.000000000000,40.583549817768,-69.682654124583
1634000.000000000000,40.398079738481,-68.958627369636
1636000.000000000000,40.317109305878,-69.283538291482
1638000.000000000000,40.627742817423,-70.137746660610
1640000.000000000000,40.565305035657,-69.726417460802
1642000.000000000000,40.412697775012,-69.425480250717
1644000.000000000000,39.995546367647,-68.601272551379
1646000.000000000000,40.676255338887,-70.190443098815
1648000.000000000000,40.624615297910,-70.107121778048
1650000.000000000000,40.475734489523,-69.931854736765
1652000.000000000000,40.462990517625,-70.087758734271
1654000.000000000000,40.130879823868,-69.266409247937
1656000.000000000000,40.087135759359,-69.171751720174
1658000.000000000000,40.243334716027,-69.913811176602
1660000.000000000000,39.757750083202,-68.604410445926
1662000.000000000000,40.106589165023,-69.733993679928
1664000.000000000000,40.026857194613,-69.613603620697
1666000.000000000000,39.792402328766,-68.902985160335
1668000.000000000000,40.129258471239,-69.876367974953
1670000.000000000000,40.107164946828,-69.810686530793
1672000.000000000000,39.845358885987,-69.421781137344
1674000.000000000000,39.944164069185,-69.589422395969
1676000.000000000000,39.770395011366,-69.318017149421
1678000.000000000000,39.960659598628,-69.847212735619
1680000.000000000000,39.801279070703,-69.582588329627
1682000.000000000000,39.918899056067,-69.972108501595
1684000.000000000000,39.773110613386,-69.780193592357
1686000.000000000000,39.742580795093,-69.683161992547
1688000.000000000000,39.825119489313,-69.754138741093
1690000.000000000000,39.466474577685,-68.940816665172
1692000.000000000000,39.549205092472,-68.949729814818
1694000.000000000000,39.657461485943,-69.632228003099
1696000.000000000000,39.587013975971,-69.435908761416
1698000.000000000000,39.412672038252,-69.021426281755
1700000.000000000000,39.385330346625,-69.245296896323
1702000.000000000000,39.529208801105,-69.635876276156
1704000.000000000000,39.435096863408,-69.274492109643
1706000.000000000000,39.297352605256,-69.395882213531
1708000.000000000000,39.413465286007,-69.463475258757
1710000.000000000000,39.209687480408,-69.466053683855
1712000.000000000000,39.125522098709,-69.099732727103
1714000.000000000000,39.377748825705,-69.462634445366
1716000.000000000000,39.200019264940,-69.182152929255
1718000.000000000000,39.180564250236,-69.424050111862
1720000.000000000000,39.255466521708,-69.267458872182
1722000.000000000000,39.047467179590,-69.351989543037
1724000.000000000000,39.086686651540,-69.199677452147
1726000.000000000000,38.973647324838,-69.019565490698
1728000.000000000000,38.989077656208,-69.192896785572
1730000.000000000000,38.962512063042,-69.051090791423
1732000.000000000000,38.798754181930,-68.782734975501
1734000.000000000000,38.892907315312,-69.241125259007
1736000.000000000000,38.628767501696,-68.557013157285
1738000.000000000000,38.454263937362,-68.225499367064
1740000.000000000000,38.402996384575,-68.015767458777
1742000.000000000000,38.728193499271,-68.952418580125
1744000.000000000000,38.755538371238,-68.980933077819
1746000.000000000000,38.625313791070,-68.848651746847
1748000.000000000000,38.691354745648,-69.153428675866
1750000.000000000000,38.649779033594,-69.021204204660
1752000.000000000000,38.111469028698,-67.937041587679
1754000.000000000000,37.935517021443,-67.336817054529
1756000.000000000000,37.857008452232,-67.231080407474
1758000.000000000000,38.256181409180,-68.603976479800
1760000.000000000000,38.095689460404,-68.098971860637
1762000.000000000000,38.461676142252,-68.823922569377
1764000.000000000000,37.926550511748,-67.903500722347
1766000.000000000000,38.313557255622,-68.824157545865
1768000.000000000000,37.923574371400,-67.761991432959
1770000.000000000000,38.142436579500,-68.170666874181
1772000.000000000000,38.294004385651,-68.775612719304
1774000.000000000000,38.000703930497,-68.105836408117
1776000.000000000000,38.260749448734,-68.831632655718
1778000.000000000000,37.872171084449,-67.977603375707
1780000.000000000000,38.100552459397,-68.644214652896
1782000.000000000000,38.139858544787,-68.601570985040
1784000.000000000000,37.985732632149,-68.529942552569
1786000.000000000000,37.481810978252,-67.276998833936
1788000.000000000000,37.765251018381,-68.199628039200
1790000.000000000000,37.418449563306,-67.119912634077
1792000.000000000000,37.502408710562,-67.506157203987
1794000.000000000000,37.335838851708,-66.959112598444
1796000.000000000000,37.203398184333,-66.871478334255
1798000.000000000000,37.719493927375,-68.102642329234
1800000.000000000000,37.663613418033,-67.973264300632
1802000.000000000000,37.504063419527,-68.049879602359
1804000.000000000000,37.265910269329,-66.943373504398
1806000.000000000000,37.465520311164,-67.931725990113
1808000.000000000000,37.230885251662,-67.123699095072
1810000.000000000000,37.647161758737,-68.096568349148
1812000.000000000000,36.939848109480,-66.650753868509
1814000.000000000000,37.281041313110,-67.379803008849
1816000.000000000000,37.556193145165,-68.370012048207
1818000.000000000000,37.330264203496,-67.564114476380
1820000.000000000000,36.964000044839,-66.871027234835
1822000.000000000000,37.037585729833,-67.269909702500
1824000.000000000000,36.861901007372,-67.115691105267
1826000.000000000000,37.145597945765,-67.796632836470
1828000.000000000000,36.759890080372,-66.314882703176
1830000.000000000000,36.789354440248,-66.499815727680
1832000.000000000000,36.659166987818,-66.351604851158
1834000.000000000000,37.129235545829,-67.801499237777
1836000.000000000000,36.601782394203,-66.281101489214
1838000.000000000000,36.511299366581,-66.317461687766
1840000.000000000000,36.566912428026,-66.329050089268
1842000.000000000000,36.521968311855,-66.393819879794
1844000.000000000000,37.224587778972,-67.975621296100
1846000.000000000000,36.630857854169,-66.786314316412
1848000.000000000000,36.641902248879,-66.889379084638
1850000.000000000000,36.288718701046,-66.152891203704
1852000.000000000000,36.299142461815,-66.252666933832
1854000.000000000000,36.278456943810,-66.195817391973
1856000.000000000000,36.208738604366,-66.109571223180
1858000.000000000000,36.319590062966,-66.390237754608
1860000.000000000000,36.234867460385,-66.037783133048
1862000.000000000000,36.225715918481,-65.937173645018
1864000.000000000000,36.278234139819,-66.423532332881
1866000.000000000000,36.133299253356,-66.190467090376
1868000.000000000000,36.033995563463,-66.117953298148
1870000.000000000000,36.026807054928,-65.970925233035
1872000.000000000000,36.022218707084,-65.932837599122
1874000.000000000000,35.975986837762,-65.932568876041
1876000.000000000000,36.040617235123,-66.210919991429
1878000.000000000000,35.890439590994,-65.914500015745
1880000.000000000000,36.050584381131,-66.127974491140
1882000.000000000000,35.898078167435,-65.799786394493
1884000.000000000000,35.811755891351,-65.793287302679
1886000.000000000000,36.490842785593,-67.483775675092
1888000.000000000000,35.916405370902,-66.179219074672
1890000.000000000000,35.789107098703,-65.541773796555
1892000.000000000000,35.998336986973,-66.417872157442
1894000.000000000000,35.955686346401,-66.338643689657
1896000.000000000000,35.634972653530,-65.709701808764
1898000.000000000000,35.695527411243,-65.674795752743
1900000.000000000000,35.809379385076,-66.291516892767
1902000.000000000000,35.359017527889,-65.203488553558
1904000.000000000000,36.154106725587,-67.224542840041
1906000.000000000000,35.728175671336,-66.159996833648
1908000.000000000000,35.390948698144,-65.540702426990
1910000.000000000000,34.835897629339,-63.815344340854
1912000.000000000000,35.947727813084,-66.851099767044
1914000.000000000000,36.313833512860,-67.772893180970
1916000.000000000000,35.857417585620,-66.559152931710
1918000.000000000000,35.383855169633,-65.291116285024
1920000.000000000000,35.577209133799,-66.185759933768
1922000.000000000000,35.594015690736,-66.034915396950
1924000.000000000000,35.360853132431,-65.694863464311
1926000.000000000000,35.271007431725,-65.371870300727
1928000.000000000000,35.460189810659,-65.863863423071
1930000.000000000000,35.218128496720,-65.523726224552
1932000.000000000000,35.035314592892,-65.184549707839
1934000.000000000000,35.214888032172,-65.619976111811
1936000.000000000000,35.021682312198,-65.130530240195
1938000.000000000000,35.209348057005,-65.461218219843
1940000.000000000000,35.247397105084,-65.750174837192
1942000.000000000000,35.514695346174,-66.462349828749
1944000.000000000000,35.042298690637,-65.328761566475
1946000.000000000000,35.255082255425,-65.826160134700
1948000.000000000000,35.359320767985,-66.008806929746
1950000.000000000000,34.783695053871,-64.969987412641
1952000.000000000000,35.355134793148,-66.163802145540
1954000.000000000000,35.362527992409,-66.330512468788
1956000.000000000000,34.817265431822,-65.124560778546
1958000.000000000000,35.522414708588,-66.704524443002
1960000.000000000000,35.440790983917,-66.420125385362
1962000.000000000000,35.220231446624,-66.260073224461
1964000.000000000000,34.626881103064,-64.806572339241
1966000.000000000000,35.200955838168,-66.087243396098
1968000.000000000000,35.277027616478,-66.330830315367
1970000.000000000000,34.556050054395,-64.840260892528
1972000.000000000000,34.579064266447,-64.963370297644
1974000.000000000000,34.981089255881,-65.816857193290
1976000.000000000000,34.871065005395,-65.797221258277
1978000.000000000000,34.777012689768,-65.346183059155
1980000.000000000000,34.867648097175,-65.916649611692
1982000.000000000000,34.635153945674,-64.881570642168
1984000.000000000000,34.843767978594,-65.724711732479
1986000.000000000000,34.443789454893,-64.976207744971
1988000.000000000000,34.888281623963,-65.696312957878
1990000.000000000000,34.983252067968,-66.224142123319
1992000.000000000000,34.959880754398,-66.143218331590
1994000.000000000000,34.400977074352,-64.678543196596
1996000.000000000000,34.787327621485,-65.952621467573
1998000.000000000000,34.607850299722,-65.387489710243
