frecuencia,X,Y,R,T
200,0.20135250687599182,-0.002603803062811494,0.20136933028697968,-0.7408825159072876
400,0.20123128592967987,-0.005450026597827673,0.2013050764799118,-1.5513834953308105
600,0.201035737991333,-0.008231822401285172,0.20120419561862946,-2.3447835445404053
800,0.20077449083328247,-0.010988231748342514,0.20107495784759521,-3.1326286792755127
1000,0.20040413737297058,-0.013722040690481663,0.20087336003780365,-3.9170329570770264
1200,0.1999855637550354,-0.016437077894806862,0.20065991580486298,-4.6986541748046875
1400,0.19947387278079987,-0.019128302112221718,0.20038892328739166,-5.477558612823486
1600,0.1989254504442215,-0.02179906517267227,0.20011629164218903,-6.253753185272217
1800,0.198267862200737,-0.02443947084248066,0.19976845383644104,-7.027112007141113
2000,0.19757699966430664,-0.027055371552705765,0.19942082464694977,-7.7973504066467285
2200,0.1967991441488266,-0.02963763102889061,0.19901831448078156,-8.564291954040527
2400,0.19595523178577423,-0.03218640014529228,0.19858099520206451,-9.32776165008545
2600,0.19505079090595245,-0.03470039740204811,0.19811339676380157,-10.087630271911621
2800,0.19409453868865967,-0.03717880696058273,0.19762325286865234,-10.843655586242676
3000,0.19308385252952576,-0.039618462324142456,0.19710655510425568,-11.595455169677734
3200,0.19200147688388824,-0.04201342537999153,0.19654437899589539,-12.342819213867188
3400,0.19086800515651703,-0.04436631500720978,0.1959565281867981,-13.08574390411377
3600,0.1896807998418808,-0.046673934906721115,0.19533886015415192,-13.823884963989258
3800,0.18843728303909302,-0.048933278769254684,0.1946871280670166,-14.55700969696045
4000,0.18713293969631195,-0.051141407340765,0.19399531185626984,-15.285079956054688
4200,0.18581801652908325,-0.05331001058220863,0.19331397116184235,-16.007850646972656
4400,0.18444187939167023,-0.05542339012026787,0.19258908927440643,-16.725126266479492
4600,0.18301193416118622,-0.05748168006539345,0.19182679057121277,-17.43682861328125
4800,0.18157047033309937,-0.05949651077389717,0.1910697966814041,-18.142791748046875
5000,0.18006981909275055,-0.061450596898794174,0.1902664452791214,-18.842710494995117
5200,0.17854347825050354,-0.06335359066724777,0.18945039808750153,-19.536495208740234
5400,0.17698422074317932,-0.06520278006792068,0.18861287832260132,-20.224306106567383
5600,0.1754167228937149,-0.06700539588928223,0.18777845799922943,-20.90577507019043
5800,0.17380164563655853,-0.06874561309814453,0.18690364062786102,-21.580808639526367
6000,0.17216606438159943,-0.07043308019638062,0.18601606786251068,-22.24945068359375
6200,0.17050528526306152,-0.07206481695175171,0.18510912358760834,-22.911563873291016
6400,0.16882707178592682,-0.07364324480295181,0.18418987095355988,-23.567075729370117
6600,0.167131707072258,-0.07516777515411377,0.18325719237327576,-24.21591567993164
6800,0.16540448367595673,-0.07663155347108841,0.1822938174009323,-24.858190536499023
7000,0.16366587579250336,-0.07804279029369354,0.1813206970691681,-25.4937744140625
7200,0.161921426653862,-0.07940316200256348,0.18034248054027557,-26.12244415283203
7400,0.16017360985279083,-0.08071374893188477,0.1793607920408249,-26.744182586669922
7600,0.15842434763908386,-0.08197568356990814,0.17837679386138916,-27.35902214050293
7800,0.1566542237997055,-0.0831780657172203,0.17736724019050598,-27.966779708862305
8000,0.1548817902803421,-0.08433026075363159,0.17635181546211243,-28.56747055053711
8200,0.15311208367347717,-0.08543536067008972,0.17533542215824127,-29.161176681518555
8400,0.15133513510227203,-0.08648820221424103,0.17430585622787476,-29.74801254272461
8600,0.149556964635849,-0.08749150484800339,0.17326872050762177,-30.32782554626465
8800,0.14778254926204681,-0.08844862878322601,0.17222905158996582,-30.900737762451172
9000,0.1460026353597641,-0.08935385197401047,0.17117498815059662,-31.466699600219727
9200,0.1442459374666214,-0.09022492915391922,0.17013944685459137,-32.025718688964844
9400,0.1424870640039444,-0.09104657918214798,0.16909180581569672,-32.57781982421875
9600,0.14072395861148834,-0.0918172299861908,0.16802866756916046,-33.12297439575195
9800,0.13898244500160217,-0.0925539880990982,0.1669801026582718,-33.66123580932617
10000,0.1372578889131546,-0.0932546854019165,0.16594025492668152,-34.192665100097656
10200,0.13552746176719666,-0.0939035639166832,0.16488046944141388,-34.71710968017578
10400,0.1338140219449997,-0.09451673924922943,0.16382797062397003,-35.23466873168945
10600,0.132105752825737,-0.09508687257766724,0.16276806592941284,-35.745521545410156
10800,0.13042303919792175,-0.09562929719686508,0.1617254763841629,-36.249759674072266
11000,0.12875327467918396,-0.09613541513681412,0.1606842279434204,-36.74736404418945
11200,0.1270947903394699,-0.09660491347312927,0.1596420854330063,-37.23851013183594
11400,0.12543635070323944,-0.09702937304973602,0.15858429670333862,-37.72319412231445
11600,0.12381581217050552,-0.09743868559598923,0.157558411359787,-38.20149612426758
11800,0.12219058722257614,-0.09780007600784302,0.15651005506515503,-38.67341613769531
12000,0.12059101462364197,-0.09813820570707321,0.1554776430130005,-39.1390495300293
12200,0.11900962889194489,-0.09844867885112762,0.15445204079151154,-39.598670959472656
12400,0.11742959171533585,-0.09871768206357956,0.15341085195541382,-40.05222702026367
12600,0.11587367206811905,-0.09896424412727356,0.15238316357135773,-40.49964904785156
12800,0.11433030664920807,-0.09917908906936646,0.1513535976409912,-40.94093704223633
13000,0.11282210797071457,-0.09938301891088486,0.15035228431224823,-41.37625503540039
13200,0.11131788045167923,-0.09955019503831863,0.1493382453918457,-41.80586624145508
13400,0.10983728617429733,-0.09969807416200638,0.1483372300863266,-42.229671478271484
13600,0.10837920755147934,-0.09982642531394958,0.14734777808189392,-42.6476936340332
13800,0.10693155229091644,-0.09992477297782898,0.14635339379310608,-43.05997848510742
14000,0.10548941791057587,-0.09998946636915207,0.14534755051136017,-43.46675491333008
14200,0.10407950729131699,-0.10004618018865585,0.14436683058738708,-43.86803436279297
14400,0.10269493609666824,-0.10008891671895981,0.14340166747570038,-44.26371383666992
14600,0.10131372511386871,-0.10009756684303284,0.1424218863248825,-44.6540412902832
14800,0.09995891898870468,-0.10009504109621048,0.14145953953266144,-45.03898239135742
15000,0.09862300753593445,-0.1000748798251152,0.1405043751001358,-45.418643951416016
15200,0.09730648994445801,-0.10003860294818878,0.13955742120742798,-45.79316711425781
15400,0.09601157903671265,-0.09998980909585953,0.13862244784832,-46.16276931762695
15600,0.0947301834821701,-0.09991990029811859,0.1376872956752777,-46.527244567871094
15800,0.09347036480903625,-0.09983836114406586,0.1367640495300293,-46.886756896972656
16000,0.0922316238284111,-0.09974541515111923,0.13585218787193298,-47.241355895996094
16200,0.09100726246833801,-0.09963469207286835,0.1349421888589859,-47.59112548828125
16400,0.08980605751276016,-0.09951713681221008,0.1340477168560028,-47.936336517333984
16600,0.08860697597265244,-0.09937001764774323,0.133137509226799,-48.277015686035156
16800,0.08743596076965332,-0.09922193735837936,0.13224990665912628,-48.612979888916016
17000,0.08628176152706146,-0.09906114637851715,0.13136838376522064,-48.94429397583008
17200,0.0851411521434784,-0.09888506680727005,0.1304885894060135,-49.271183013916016
17400,0.08402227610349655,-0.09870393574237823,0.12962333858013153,-49.59372329711914
17600,0.08292053639888763,-0.09851337224245071,0.12876607477664948,-49.912052154541016
17800,0.08183322846889496,-0.09831009060144424,0.12791228294372559,-50.22603225708008
18000,0.08076652139425278,-0.09810289740562439,0.12707245349884033,-50.53592300415039
18200,0.07971583306789398,-0.0978868305683136,0.12623964250087738,-50.84175109863281
18400,0.07867073267698288,-0.09764934331178665,0.12539727985858917,-51.14350128173828
18600,0.07764890044927597,-0.0974130854010582,0.12457392364740372,-51.441314697265625
18800,0.07664567977190018,-0.0971728265285492,0.1237623393535614,-51.73516082763672
19000,0.07565384358167648,-0.09692057222127914,0.12295162677764893,-52.025264739990234
19200,0.07469566911458969,-0.09668539464473724,0.12217818200588226,-52.31161117553711
19400,0.07374071329832077,-0.09642841666936874,0.12139247357845306,-52.594139099121094
19600,0.07279640436172485,-0.09615982323884964,0.1206069216132164,-52.872982025146484
19800,0.07187063246965408,-0.09589052945375443,0.11983481049537659,-53.1481819152832
20000,0.07095359265804291,-0.09560830146074295,0.11906032264232635,-53.41984939575195
20200,0.07005108892917633,-0.09532126784324646,0.11829327046871185,-53.68803405761719
20400,0.06916942447423935,-0.09503882378339767,0.11754482984542847,-53.95280075073242
20600,0.06829212605953217,-0.09473825246095657,0.11678678542375565,-54.214027404785156
20800,0.06743720918893814,-0.09444590657949448,0.11605087667703629,-54.472023010253906
21000,0.06659314036369324,-0.09414595365524292,0.11531741172075272,-54.72672653198242
21200,0.06575849652290344,-0.09383723139762878,0.11458448320627213,-54.97830581665039
21400,0.06494457274675369,-0.09353622794151306,0.11387196183204651,-55.226776123046875
21600,0.06414340436458588,-0.09323243796825409,0.11316653341054916,-55.47224044799805
21800,0.06334583461284637,-0.09291218966245651,0.11245163530111313,-55.71454620361328
22000,0.06256415694952011,-0.0925939679145813,0.11174935102462769,-55.95377731323242
22200,0.06180183216929436,-0.09228338301181793,0.11106614023447037,-56.18992233276367
22400,0.061048585921525955,-0.09196604043245316,0.1103842481970787,-56.423126220703125
22600,0.06029686704277992,-0.09163064509630203,0.10968995839357376,-56.65338134765625
22800,0.05957108363509178,-0.09131503105163574,0.10902820527553558,-56.88081741333008
23000,0.05885377526283264,-0.09099330753087997,0.10836765915155411,-57.10551834106445
23200,0.058141279965639114,-0.09065999835729599,0.10770165175199509,-57.32748031616211
23400,0.057445842772722244,-0.09033512324094772,0.10705354064702988,-57.54692840576172
23600,0.056757234036922455,-0.09000226110219955,0.1064038947224617,-57.763641357421875
23800,0.0560808926820755,-0.08967076241970062,0.10576347261667252,-57.9777717590332
24000,0.05540921539068222,-0.08932887017726898,0.10511816293001175,-58.189353942871094
24200,0.05475371703505516,-0.08899536728858948,0.10448992997407913,-58.398406982421875
24400,0.05410890281200409,-0.08866196870803833,0.1038687527179718,-58.60498046875
24600,0.053478483110666275,-0.08833437412977219,0.10326136648654938,-58.808876037597656
24800,0.052852801978588104,-0.08799766004085541,0.10264991968870163,-59.010292053222656
25000,0.05224012956023216,-0.0876661017537117,0.10205084830522537,-59.209327697753906
25200,0.05163700878620148,-0.08733442425727844,0.10145778954029083,-59.406036376953125
25400,0.051039762794971466,-0.0869971290230751,0.10086406022310257,-59.600563049316406
25600,0.050449613481760025,-0.0866556391119957,0.10027144849300385,-59.79267883300781
25800,0.049872785806655884,-0.08632190525531769,0.09969335794448853,-59.982662200927734
26000,0.04930384084582329,-0.08598700910806656,0.09911929816007614,-60.170597076416016
26200,0.04874361678957939,-0.08565222471952438,0.0985507220029831,-60.356327056884766
26400,0.04818858206272125,-0.0853109359741211,0.0979800745844841,-60.539703369140625
26600,0.04764201119542122,-0.08497022837400436,0.09741509705781937,-60.72105407714844
26800,0.04710923135280609,-0.08463981002569199,0.09686680138111115,-60.90034866333008
27000,0.04658638313412666,-0.08431311696767807,0.0963275283575058,-61.07758331298828
27200,0.046066269278526306,-0.08397749066352844,0.09578267484903336,-61.2528076171875
27400,0.045557230710983276,-0.08364864438772202,0.0952499657869339,-61.42612838745117
27600,0.04505520313978195,-0.08331987261772156,0.09472156316041946,-61.59770202636719
27800,0.04455724358558655,-0.08298520743846893,0.09419072419404984,-61.767311096191406
28000,0.044067952781915665,-0.08265352249145508,0.09366744756698608,-61.935028076171875
28200,0.043588683009147644,-0.08232787251472473,0.09315498173236847,-62.10091018676758
28400,0.04311109706759453,-0.08199238777160645,0.09263540059328079,-62.26487350463867
28600,0.04264639690518379,-0.08166906237602234,0.09213333576917648,-62.427085876464844
28800,0.04218792915344238,-0.08134565502405167,0.09163480252027512,-62.587589263916016
29000,0.04172980412840843,-0.08101015537977219,0.09112641215324402,-62.74617004394531
29200,0.04128517583012581,-0.08068906515836716,0.0906376913189888,-62.90309524536133
29400,0.04084585979580879,-0.08036638796329498,0.09015065431594849,-63.05824661254883
29600,0.040411025285720825,-0.08004091680049896,0.08966381102800369,-63.21171569824219
29800,0.039984267204999924,-0.07972027361392975,0.08918555080890656,-63.363616943359375
30000,0.03956358879804611,-0.07940065115690231,0.08871155977249146,-63.51393127441406
30200,0.039144959300756454,-0.07907404005527496,0.08823282271623611,-63.662654876708984
30400,0.03873508423566818,-0.07875379920005798,0.08776427060365677,-63.809715270996094
30600,0.03833293542265892,-0.07843806594610214,0.08730375021696091,-63.9550895690918
30800,0.03793753311038017,-0.07812593132257462,0.08684996515512466,-64.09903717041016
31000,0.037549447268247604,-0.0778181254863739,0.08640383183956146,-64.24137115478516
31200,0.037162233144044876,-0.07750226557254791,0.08595133572816849,-64.38233947753906
31400,0.036783188581466675,-0.07719292491674423,0.08550877124071121,-64.52173614501953
31600,0.036409564316272736,-0.07688520103693008,0.08507049828767776,-64.65974426269531
31800,0.036039117723703384,-0.07657516747713089,0.08463199436664581,-64.79657745361328
32000,0.035672884434461594,-0.07626508176326752,0.08419571816921234,-64.9322280883789
32200,0.035314321517944336,-0.07596220076084137,0.08376966416835785,-65.06658935546875
32400,0.034954242408275604,-0.07564686983823776,0.08333215862512589,-65.19969177246094
32600,0.03460649400949478,-0.07534756511449814,0.082914799451828,-65.3310775756836
32800,0.03426549583673477,-0.07505360245704651,0.08250555396080017,-65.46106719970703
33000,0.03392484039068222,-0.0747516006231308,0.08208956569433212,-65.58981323242188
33200,0.0335879921913147,-0.074448361992836,0.08167442679405212,-65.71708679199219
33400,0.033259596675634384,-0.07415447384119034,0.0812716856598854,-65.8429183959961
33600,0.03293426334857941,-0.07385863363742828,0.08086881041526794,-65.96745300292969
33800,0.03261442855000496,-0.07356656342744827,0.08047198504209518,-66.09074401855469
34000,0.03229590505361557,-0.07326924055814743,0.08007126301527023,-66.21288299560547
34200,0.0319867767393589,-0.07298542559146881,0.07968705892562866,-66.33395385742188
34400,0.03167843446135521,-0.07269573956727982,0.07929813861846924,-66.45398712158203
34600,0.03137393295764923,-0.07240679115056992,0.07891176640987396,-66.57286071777344
34800,0.031075362116098404,-0.07212308049201965,0.07853290438652039,-66.69044494628906
35000,0.030780674889683723,-0.0718405544757843,0.07815699279308319,-66.80689239501953
35200,0.030487800016999245,-0.0715542733669281,0.0777786523103714,-66.9221420288086
35400,0.030199674889445305,-0.0712713673710823,0.07740560173988342,-67.03626251220703
35600,0.029915673658251762,-0.07099068909883499,0.07703651487827301,-67.14929962158203
35800,0.02963532879948616,-0.0707111582159996,0.07667020708322525,-67.26123809814453
36000,0.029358338564634323,-0.07043298333883286,0.07630673050880432,-67.37232208251953
36200,0.029088124632835388,-0.07016349583864212,0.07595416158437729,-67.48225402832031
36400,0.028819266706705093,-0.06989019364118576,0.07559888064861298,-67.59115600585938
36600,0.028553256765007973,-0.06961642950773239,0.07524450123310089,-67.69895935058594
36800,0.028292139992117882,-0.06934824585914612,0.07489743083715439,-67.80591583251953
37000,0.0280330590903759,-0.06907863169908524,0.07455004751682281,-67.91200256347656
37200,0.027779296040534973,-0.06881561875343323,0.07421103864908218,-68.01718139648438
37400,0.02752317301928997,-0.0685431957244873,0.07386267185211182,-68.122314453125
37600,0.027275435626506805,-0.06828130036592484,0.07352744042873383,-68.22541809082031
37800,0.02703174203634262,-0.06802225112915039,0.07319659739732742,-68.32734680175781
38000,0.02678842470049858,-0.06775866448879242,0.07286189496517181,-68.42860412597656
38200,0.026547769084572792,-0.06749509274959564,0.0725284218788147,-68.52884674072266
38400,0.026314353570342064,-0.06724335253238678,0.07220882177352905,-68.62809753417969
38600,0.026080267503857613,-0.06698479503393173,0.07188284397125244,-68.72673797607422
38800,0.02584838680922985,-0.0667259469628334,0.07155760377645493,-68.82455444335938
39000,0.025618920102715492,-0.06646712869405746,0.07123347371816635,-68.92146301269531
39200,0.025394102558493614,-0.06621499359607697,0.07091745734214783,-69.01768493652344
39400,0.02517182007431984,-0.06596249341964722,0.07060220092535019,-69.11273956298828
39600,0.024955017492175102,-0.06571830064058304,0.07029685378074646,-69.20686340332031
39800,0.02474040910601616,-0.06547383964061737,0.06999222934246063,-69.3000717163086
40000,0.024529004469513893,-0.06523226201534271,0.06969160586595535,-69.39244079589844
40200,0.02431570179760456,-0.06498004496097565,0.06938054412603378,-69.48401641845703
40400,0.024108123034238815,-0.06473728269338608,0.06908051669597626,-69.57469177246094
40600,0.023903848603367805,-0.06449848413467407,0.06878552585840225,-69.66473388671875
40800,0.023701269179582596,-0.06425885856151581,0.06849051266908646,-69.75397491455078
41000,0.02350003831088543,-0.06401757150888443,0.06819458305835724,-69.84245300292969
41200,0.02330232411623001,-0.06378014385700226,0.06790364533662796,-69.93002319335938
41400,0.023107726126909256,-0.06354662030935287,0.06761759519577026,-70.01699829101562
41600,0.02291419915854931,-0.06331057101488113,0.06732970476150513,-70.10311889648438
41800,0.022725561633706093,-0.06308320164680481,0.06705178320407867,-70.18856811523438
42000,0.02253648266196251,-0.06284994632005692,0.06676831841468811,-70.27338409423828
42200,0.022349344566464424,-0.06261719763278961,0.06648613512516022,-70.35748291015625
42400,0.022166801616549492,-0.06239237263798714,0.06621310114860535,-70.44084930419922
42600,0.021984651684761047,-0.06216373294591904,0.06593674421310425,-70.52349090576172
42800,0.021807175129652023,-0.06194334849715233,0.06566986441612244,-70.60536193847656
43000,0.02162878029048443,-0.06171652674674988,0.0653967410326004,-70.68680572509766
43200,0.021452009677886963,-0.06148981302976608,0.06512439250946045,-70.7676010131836
43400,0.021279171109199524,-0.06126928701996803,0.0648593008518219,-70.84758758544922
43600,0.021108713001012802,-0.06105075404047966,0.0645969957113266,-70.92681884765625
43800,0.020937876775860786,-0.06082833930850029,0.06433103233575821,-71.00589752197266
44000,0.020770058035850525,-0.06060954928398132,0.06406959146261215,-71.08411407470703
44200,0.020604824647307396,-0.06039376184344292,0.06381195038557053,-71.16165161132812
44400,0.02043996751308441,-0.06017451733350754,0.06355127692222595,-71.23849487304688
44600,0.02027938701212406,-0.05996425077319145,0.06330059468746185,-71.31490325927734
44800,0.020115960389375687,-0.059742286801338196,0.06303802877664566,-71.39098358154297
45000,0.019962552934885025,-0.05954468622803688,0.06280186027288437,-71.46609497070312
45200,0.0198063887655735,-0.05933494493365288,0.06255340576171875,-71.5406494140625
45400,0.019650913774967194,-0.059122782200574875,0.06230298429727554,-71.61449432373047
45600,0.019498685374855995,-0.05891631171107292,0.06205908954143524,-71.687744140625
45800,0.019348617643117905,-0.058712199330329895,0.061818208545446396,-71.76034545898438
46000,0.01919909380376339,-0.058505892753601074,0.061575520783662796,-71.83240509033203
46200,0.01905011758208275,-0.058298032730817795,0.061331622302532196,-71.90409851074219
46400,0.018906034529209137,-0.05810021609067917,0.06109888106584549,-71.97490692138672
46600,0.018761884421110153,-0.05789826437830925,0.060862284153699875,-72.04512023925781
46800,0.01861822046339512,-0.05769410356879234,0.06062381714582443,-72.11480712890625
47000,0.018477721139788628,-0.05749642848968506,0.0603925921022892,-72.18406677246094
47200,0.018339507281780243,-0.05730205401778221,0.060165297240018845,-72.25273132324219
47400,0.018201209604740143,-0.05710379779338837,0.05993436649441719,-72.32087707519531
47600,0.018065689131617546,-0.05691085010766983,0.05970941111445427,-72.38855743408203
47800,0.017929986119270325,-0.05671389028429985,0.05948067083954811,-72.45574951171875
48000,0.017796272411942482,-0.05651972070336342,0.05925526097416878,-72.52242279052734
48200,0.017662500962615013,-0.056321531534194946,0.059026088565588,-72.58850860595703
48400,0.01753273233771324,-0.05613277107477188,0.05880717933177948,-72.65412139892578
48600,0.01740400493144989,-0.05594421550631523,0.05858886241912842,-72.71929931640625
48800,0.01727680303156376,-0.05575714260339737,0.058372482657432556,-72.78397369384766
49000,0.017148299142718315,-0.05556265637278557,0.058148711919784546,-72.84819793701172
49200,0.017022863030433655,-0.055374979972839355,0.057932425290346146,-72.91200256347656
49400,0.016900526359677315,-0.0551939494907856,0.057723477482795715,-72.97527313232422
49600,0.016777651384472847,-0.05500826612114906,0.05750998854637146,-73.03816223144531
49800,0.016657261177897453,-0.05482713505625725,0.05730165168642998,-73.1004638671875
50000,0.016537604853510857,-0.0546453557908535,0.057092972099781036,-73.1623306274414
50200,0.01641923561692238,-0.054464854300022125,0.05688595026731491,-73.22378540039062
50400,0.01630198024213314,-0.054285500198602676,0.05668042227625847,-73.2849349975586
50600,0.0161849744617939,-0.054103344678878784,0.05647233873605728,-73.34547424316406
50800,0.016070164740085602,-0.05392566695809364,0.056269243359565735,-73.40563201904297
51000,0.01595582254230976,-0.05374620854854584,0.05606463551521301,-73.46524047851562
51200,0.015843069180846214,-0.05356920510530472,0.05586289241909981,-73.5244369506836
51400,0.015732912346720695,-0.05339745804667473,0.055666983127593994,-73.58302307128906
51600,0.015622999519109726,-0.05322422832250595,0.05546978488564491,-73.641357421875
51800,0.015513870865106583,-0.053050946444272995,0.05527280643582344,-73.69931030273438
52000,0.015406422317028046,-0.052880603820085526,0.055079177021980286,-73.75685119628906
52200,0.015299654565751553,-0.05270898714661598,0.05488457903265953,-73.81375122070312
52400,0.015195006504654884,-0.05254263058304787,0.05469566583633423,-73.87045288085938
52600,0.015090441331267357,-0.0523737370967865,0.0545044019818306,-73.92671966552734
52800,0.01498787198215723,-0.052209239453077316,0.054317962378263474,-73.98265075683594
53000,0.014883815310895443,-0.05203694850206375,0.05412367731332779,-74.03819274902344
53200,0.014782674610614777,-0.05187200754880905,0.05393730476498604,-74.09330749511719
53400,0.01468148548156023,-0.05170426517724991,0.053748276084661484,-74.14804077148438
53600,0.014582850970327854,-0.05154326185584068,0.053566478192806244,-74.2024917602539
53800,0.014483720064163208,-0.0513782873749733,0.05338077247142792,-74.25666809082031
54000,0.014386153779923916,-0.05121549591422081,0.05319763347506523,-74.31023406982422
54200,0.014288838021457195,-0.05105150490999222,0.05301346257328987,-74.36355590820312
54400,0.014194008894264698,-0.050893235951662064,0.05283551290631294,-74.41632843017578
54600,0.014099282212555408,-0.05073315277695656,0.052655886858701706,-74.46881866455078
54800,0.014005708508193493,-0.050575073808431625,0.052478548139333725,-74.52103424072266
55000,0.013913312926888466,-0.05041881650686264,0.05230331793427467,-74.5728988647461
55200,0.013822480104863644,-0.05026586353778839,0.052131738513708115,-74.62440490722656
55400,0.013731190003454685,-0.050108373165130615,0.0519556999206543,-74.67543029785156
55600,0.01364124845713377,-0.0499536357820034,0.05178271606564522,-74.72615814208984
55800,0.01355199608951807,-0.04979971796274185,0.05161074176430702,-74.7767333984375
56000,0.013463831506669521,-0.04964695870876312,0.05144021287560463,-74.8268051147461
56200,0.013376080431044102,-0.049493588507175446,0.05126923695206642,-74.87659454345703
56400,0.013289952650666237,-0.049344006925821304,0.05110238119959831,-74.92606353759766
56600,0.013203621841967106,-0.04919179901480675,0.05093298479914665,-74.97531127929688
56800,0.013118408620357513,-0.04904051870107651,0.05076480284333229,-75.02393341064453
57000,0.013034549541771412,-0.04889245703816414,0.050600115209817886,-75.07234191894531
57200,0.012951156124472618,-0.04874437302350998,0.05043556168675423,-75.12054443359375
57400,0.012868198566138744,-0.04859531298279762,0.05027021840214729,-75.16829681396484
57600,0.012786317616701126,-0.04844892770051956,0.050107765942811966,-75.21595764160156
57800,0.012706292793154716,-0.04830678179860115,0.049949925392866135,-75.26310729980469
58000,0.012625228613615036,-0.048159159719944,0.04978655278682709,-75.31011199951172
58200,0.012545336037874222,-0.04801350459456444,0.049625419080257416,-75.35669708251953
58400,0.012468056753277779,-0.047875676304101944,0.04947254806756973,-75.40293884277344
58600,0.012389694340527058,-0.047731902450323105,0.049313679337501526,-75.44894409179688
58800,0.012312240898609161,-0.04758981987833977,0.04915671423077583,-75.49472045898438
59000,0.01223570853471756,-0.04744921997189522,0.04900144040584564,-75.54017639160156
59200,0.01216064766049385,-0.047311991453170776,0.04884983226656914,-75.58523559570312
59400,0.012084679678082466,-0.04716964811086655,0.04869307205080986,-75.63011169433594
59600,0.012010732665657997,-0.04703325405716896,0.048542607575654984,-75.6747055053711
59800,0.011937377043068409,-0.04689675569534302,0.048392217606306076,-75.7188720703125
60000,0.01186416670680046,-0.04675972834229469,0.04824138060212135,-75.76299285888672
60200,0.011791481636464596,-0.046622201800346375,0.048090215772390366,-75.80663299560547
60400,0.011719416826963425,-0.046485647559165955,0.047940175980329514,-75.85011291503906
60600,0.011648137122392654,-0.04635011404752731,0.04779134318232536,-75.89325714111328
60800,0.011577516794204712,-0.046215564012527466,0.047643646597862244,-75.93618774414062
61000,0.01150678563863039,-0.04607853665947914,0.04749355465173721,-75.97879028320312
61200,0.011439062654972076,-0.04595142602920532,0.0473538376390934,-76.02102661132812
61400,0.011371330358088017,-0.04582289233803749,0.047212760895490646,-76.0631103515625
61600,0.011303404346108437,-0.0456920750439167,0.047069448977708817,-76.1050033569336
61800,0.011235358193516731,-0.045558471232652664,0.046923425048589706,-76.146484375
62000,0.01116887852549553,-0.045430202037096024,0.046782977879047394,-76.18791961669922
62200,0.011101522482931614,-0.04529617354273796,0.046636760234832764,-76.22896575927734
62400,0.011037160642445087,-0.045173317193984985,0.04650212451815605,-76.26995849609375
62600,0.010972424410283566,-0.04504668712615967,0.04636375978589058,-76.31053161621094
62800,0.010907330550253391,-0.04491673782467842,0.046222105622291565,-76.35079956054688
63000,0.010843528434634209,-0.044790640473365784,0.04608452320098877,-76.3908920288086
63200,0.01078000757843256,-0.044664375483989716,0.0459468737244606,-76.43083190917969
63400,0.010717383585870266,-0.04453974962234497,0.045811042189598083,-76.47039794921875
63600,0.010654788464307785,-0.0444137342274189,0.04567389190196991,-76.50975799560547
63800,0.010593300685286522,-0.04429153352975845,0.04554072767496109,-76.54911804199219
64000,0.010532178916037083,-0.044168535619974136,0.045406900346279144,-76.58802795410156
64200,0.010470891371369362,-0.04404374957084656,0.04527130722999573,-76.62684631347656
64400,0.010411383584141731,-0.043924491852521896,0.04514152929186821,-76.66531372070312
64600,0.010351313278079033,-0.04380134493112564,0.0450078621506691,-76.70356750488281
64800,0.010292052291333675,-0.04367993026971817,0.04487608000636101,-76.7415542602539
65000,0.010233721695840359,-0.04356103390455246,0.04474698752164841,-76.77933502197266
65200,0.010175378061830997,-0.04344123229384422,0.044617023319005966,-76.81708526611328
65400,0.010117689147591591,-0.04332186281681061,0.04448765143752098,-76.85436248779297
65600,0.010060778819024563,-0.04320436716079712,0.04436030238866806,-76.89143371582031
65800,0.010003927163779736,-0.04308626428246498,0.04423239454627037,-76.92845916748047
66000,0.00994712021201849,-0.04296654462814331,0.04410293698310852,-76.96517181396484
66200,0.009891822934150696,-0.04285173863172531,0.043978627771139145,-77.00161743164062
66400,0.009837171994149685,-0.042738668620586395,0.043856170028448105,-77.0379638671875
66600,0.009782398119568825,-0.04262424260377884,0.043732382357120514,-77.07427215576172
66800,0.009728280827403069,-0.042510464787483215,0.04360939562320709,-77.11013793945312
67000,0.009673691354691982,-0.042393509298563004,0.04348321259021759,-77.1458740234375
67200,0.009620195254683495,-0.04227958619594574,0.04336025193333626,-77.1812973022461
67400,0.00956635270267725,-0.04216308519244194,0.04323471710085869,-77.21662139892578
67600,0.009514073841273785,-0.042052093893289566,0.04311491921544075,-77.25173950195312
67800,0.009461378678679466,-0.04193800315260887,0.04299202188849449,-77.28668212890625
68000,0.009409767575562,-0.041827403008937836,0.042872779071331024,-77.3214340209961
68200,0.009358236566185951,-0.04171576723456383,0.04275256767868996,-77.35597229003906
68400,0.009306790307164192,-0.04160347208380699,0.04263174161314964,-77.3904037475586
68600,0.009256417863070965,-0.04149444401264191,0.04251435399055481,-77.42457580566406
68800,0.009206051006913185,-0.04138392582535744,0.04239552840590477,-77.45848846435547
69000,0.009157130494713783,-0.04127877205610275,0.04228226840496063,-77.49225616455078
69200,0.009107828140258789,-0.04117078334093094,0.04216616973280907,-77.52587890625
69400,0.009058546274900436,-0.04106144234538078,0.042048774659633636,-77.55926513671875
69600,0.009010928682982922,-0.04095781221985817,0.04193732142448425,-77.59230041503906
69800,0.008962875232100487,-0.04085167124867439,0.04182334616780281,-77.6253433227539
70000,0.008914932608604431,-0.04074428230524063,0.04170818254351616,-77.6580581665039
70200,0.00886771734803915,-0.04063935577869415,0.04159559682011604,-77.6906967163086
70400,0.008820475079119205,-0.0405334010720253,0.04148201271891594,-77.72325897216797
70600,0.008774150162935257,-0.04043085500597954,0.04137197136878967,-77.75574493408203
70800,0.008729934692382812,-0.04033549129962921,0.04126939922571182,-77.78765869140625
71000,0.008683905936777592,-0.04023166745901108,0.041158195585012436,-77.81970977783203
71200,0.008638434112071991,-0.04012879356741905,0.04104805365204811,-77.85145568847656
71400,0.008593713864684105,-0.04002858325839043,0.04094067960977554,-77.88311767578125
71600,0.008549027144908905,-0.03992711007595062,0.04083209112286568,-77.91454315185547
71800,0.00850416999310255,-0.03982384502887726,0.04072173312306404,-77.94583892822266
72000,0.008459901437163353,-0.039721742272377014,0.04061264172196388,-77.9768295288086
72200,0.008415606804192066,-0.03961959481239319,0.04050351679325104,-78.00801849365234
72400,0.008372465148568153,-0.03952125459909439,0.04039836674928665,-78.03889465332031
72600,0.008329274132847786,-0.03942035883665085,0.0402907133102417,-78.06924438476562
72800,0.00828695297241211,-0.03932338207960129,0.040187086910009384,-78.09969329833984
73000,0.008244221098721027,-0.03922327235341072,0.040080323815345764,-78.12995910644531
73200,0.008202602155506611,-0.03912700340151787,0.039977557957172394,-78.15994262695312
73400,0.008161239326000214,-0.03903140500187874,0.03987550735473633,-78.18993377685547
73600,0.008120513521134853,-0.038937490433454514,0.03977525606751442,-78.21967315673828
73800,0.008079643361270428,-0.03884199634194374,0.03967343270778656,-78.24929809570312
74000,0.00803940650075674,-0.038748107850551605,0.03957332298159599,-78.27864837646484
74200,0.007998354732990265,-0.03864886239171028,0.039467811584472656,-78.30772399902344
74400,0.007958434522151947,-0.03855443745851517,0.03936726227402687,-78.33677673339844
74600,0.007918980903923512,-0.03846168890595436,0.039268456399440765,-78.36579132080078
74800,0.007879813201725483,-0.03836921229958534,0.03916998580098152,-78.3946304321289
75000,0.007840493693947792,-0.038275446742773056,0.03907023370265961,-78.42345428466797
75200,0.007801740430295467,-0.03818303346633911,0.038971930742263794,-78.4520034790039
75400,0.0077628083527088165,-0.038089074194431305,0.03887208178639412,-78.48049926757812
75600,0.007724439259618521,-0.03799688071012497,0.03877408802509308,-78.50885009765625
75800,0.007686581928282976,-0.03790593892335892,0.038677431643009186,-78.53697204589844
76000,0.007648218888789415,-0.03781203553080559,0.03857778385281563,-78.5650863647461
76200,0.007610500790178776,-0.037719741463661194,0.03847984969615936,-78.5928955078125
76400,0.007573393639177084,-0.03762960433959961,0.03838415443897247,-78.62057495117188
76600,0.007536380086094141,-0.03753896430134773,0.038287997245788574,-78.64811706542969
76800,0.007500095292925835,-0.037451788783073425,0.03819539025425911,-78.67573547363281
77000,0.007463345304131508,-0.037360455840826035,0.03809862583875656,-78.70295715332031
77200,0.007426396012306213,-0.03726758435368538,0.03800031915307045,-78.73016357421875
77400,0.007390666753053665,-0.03717959672212601,0.03790704905986786,-78.75713348388672
77600,0.007354735396802425,-0.03708986937999725,0.03781204670667648,-78.78401947021484
77800,0.007319555152207613,-0.03700292482972145,0.03771992027759552,-78.81076049804688
78000,0.007284427992999554,-0.03691590577363968,0.03762774169445038,-78.83750915527344
78200,0.0072494251653552055,-0.036828190088272095,0.037534911185503006,-78.864013671875
78400,0.007215521298348904,-0.03674522042274475,0.03744696453213692,-78.89038848876953
78600,0.007180556654930115,-0.03665590658783913,0.03735258802771568,-78.9166259765625
78800,0.007146929856389761,-0.036572568118572235,0.03726434335112572,-78.9427261352539
79000,0.007113405037671328,-0.03648913651704788,0.03717603534460068,-78.9687728881836
79200,0.007079107686877251,-0.03640010952949524,0.03708209469914436,-78.99446868896484
79400,0.007046091835945845,-0.03631746768951416,0.036994677037000656,-79.02023315429688
79600,0.007012513000518084,-0.03623173385858536,0.03690411522984505,-79.04605865478516
79800,0.006979852914810181,-0.03614870086312294,0.036816395819187164,-79.07140350341797
80000,0.006946888752281666,-0.03606324642896652,0.036726243793964386,-79.09661865234375
80200,0.006914728321135044,-0.035982366651296616,0.03664074093103409,-79.12207794189453
80400,0.0068822898901999,-0.03589877113699913,0.03655252978205681,-79.14728546142578
80600,0.0068504964001476765,-0.035817064344882965,0.03646630421280861,-79.17217254638672
80800,0.006818839348852634,-0.03573543578386307,0.036380186676979065,-79.19699096679688
81000,0.006787429563701153,-0.03565429896116257,0.0362946018576622,-79.22168731689453
81200,0.0067559280432760715,-0.03557201102375984,0.03620787709951401,-79.24630737304688
81400,0.006724598351866007,-0.0354904979467392,0.03612195700407028,-79.27101135253906
81600,0.006693613715469837,-0.03540939465165138,0.03603650629520416,-79.29540252685547
81800,0.006662963889539242,-0.035329341888427734,0.03595215827226639,-79.3197021484375
82000,0.006632465403527021,-0.035249028354883194,0.03586758300662041,-79.34379577636719
82200,0.006602777633816004,-0.035172682255506516,0.03578706830739975,-79.36790466308594
82400,0.006572766695171595,-0.03509347513318062,0.03570368513464928,-79.39178466796875
82600,0.0065426332876086235,-0.03501270338892937,0.035618748515844345,-79.41551208496094
82800,0.006512897554785013,-0.034934189170598984,0.03553611412644386,-79.43939208984375
83000,0.006483176257461309,-0.03485526144504547,0.03545307740569115,-79.4632339477539
83200,0.006454161833971739,-0.0347781777381897,0.035371989011764526,-79.48660278320312
83400,0.006425127387046814,-0.034700535237789154,0.03529036045074463,-79.50994873046875
83600,0.006396310869604349,-0.034622982144355774,0.03520885482430458,-79.5330810546875
83800,0.006367172114551067,-0.034544095396995544,0.03512599319219589,-79.55644989013672
84000,0.006338822189718485,-0.03446797654032707,0.03504600003361702,-79.5794677734375
84200,0.006311395671218634,-0.034396179020404816,0.03497042879462242,-79.60238647460938
84400,0.006283161696046591,-0.034319378435611725,0.03488979488611221,-79.62522888183594
84600,0.006254719104617834,-0.03424103185534477,0.034807607531547546,-79.64805603027344
84800,0.006227264180779457,-0.03416696935892105,0.03472982347011566,-79.670654296875
85000,0.006199543830007315,-0.03409045189619064,0.03464958071708679,-79.69306182861328
85200,0.006172411609441042,-0.034017179161310196,0.03457263484597206,-79.715576171875
85400,0.0061454749666154385,-0.03394396975636482,0.034495797008275986,-79.7378921508789
85600,0.006118925753980875,-0.033871445804834366,0.0344197042286396,-79.75987243652344
85800,0.006091889925301075,-0.033797238022089005,0.034341875463724136,-79.7822494506836
86000,0.0060650380328297615,-0.03372238948941231,0.034263454377651215,-79.80423736572266
86200,0.00603884644806385,-0.033650826662778854,0.03418838605284691,-79.82621002197266
86400,0.006012303754687309,-0.03357616066932678,0.03411020711064339,-79.84793853759766
86600,0.005985993426293135,-0.033502232283353806,0.034032803028821945,-79.86959838867188
86800,0.005959539208561182,-0.0334274023771286,0.03395448997616768,-79.89134216308594
87000,0.0059340461157262325,-0.033357296139001846,0.03388100117444992,-79.91297149658203
87200,0.005908053368330002,-0.033283527940511703,0.03380382061004639,-79.9344482421875
87400,0.005882594268769026,-0.033211931586265564,0.03372887894511223,-79.95577239990234
87600,0.0058570303954184055,-0.03313896059989929,0.033652570098638535,-79.9769515991211
87800,0.005831853020936251,-0.03306744620203972,0.03357776999473572,-79.9980239868164
88000,0.005807437468320131,-0.033000532537698746,0.033507633954286575,-80.01927185058594
88200,0.005783226806670427,-0.03293323144316673,0.033437155187129974,-80.04014587402344
88400,0.005758616141974926,-0.03286370635032654,0.0333644263446331,-80.06111907958984
88600,0.005734133534133434,-0.032794058322906494,0.03329160064458847,-80.0819320678711
88800,0.005709453020244837,-0.03272227942943573,0.03321664407849312,-80.1025390625
89000,0.005685185082256794,-0.032652441412210464,0.033143673092126846,-80.12311553955078
89200,0.00566144147887826,-0.03258535638451576,0.03307351469993591,-80.14370727539062
89400,0.00563752930611372,-0.03251637890934944,0.03300146386027336,-80.16410827636719
89600,0.0056137992069125175,-0.03244796395301819,0.032930005341768265,-80.18445587158203
89800,0.0055901119485497475,-0.032379329204559326,0.032858334481716156,-80.20475006103516
90000,0.005566979758441448,-0.03231304511427879,0.03278908506035805,-80.2248764038086
90200,0.00554334931075573,-0.032243434339761734,0.032716475427150726,-80.24496459960938
90400,0.005520228296518326,-0.032176222652196884,0.03264632076025009,-80.26496887207031
90600,0.0054973429068923,-0.032109856605529785,0.032577041536569595,-80.28489685058594
90800,0.00547430757433176,-0.03204167261719704,0.03250595182180405,-80.30464172363281
91000,0.005451963283121586,-0.03197675943374634,0.03243819996714592,-80.32423400878906
91200,0.00542927673086524,-0.03191005438566208,0.03236863762140274,-80.34397888183594
91400,0.00540726026520133,-0.031846292316913605,0.03230208531022072,-80.3635025024414
91600,0.0053847478702664375,-0.03177867829799652,0.032231662422418594,-80.3828353881836
91800,0.0053628114983439445,-0.03171496465802193,0.03216518089175224,-80.40240478515625
92000,0.005340881180018187,-0.031650274991989136,0.03209774196147919,-80.4217529296875
92200,0.005318880081176758,-0.031584691256284714,0.0320294126868248,-80.4410400390625
92400,0.005297193303704262,-0.03152008727192879,0.03196210414171219,-80.46014404296875
92600,0.005275615956634283,-0.03145594894886017,0.03189527615904808,-80.4792709350586
92800,0.005254192743450403,-0.03139181062579155,0.03182848542928696,-80.49820709228516
93000,0.005232787225395441,-0.031327225267887115,0.031761251389980316,-80.51705932617188
93200,0.005211369600147009,-0.031262531876564026,0.03169391676783562,-80.53598022460938
93400,0.005190128460526466,-0.031197695061564445,0.031626470386981964,-80.55462646484375
93600,0.005170037504285574,-0.031139492988586426,0.03156576305627823,-80.5732650756836
93800,0.005149222910404205,-0.031076693907380104,0.031500402837991714,-80.59190368652344
94000,0.005129050463438034,-0.031017111614346504,0.031438328325748444,-80.61042022705078
94200,0.005108262877911329,-0.03095288574695587,0.031371571123600006,-80.62874603271484
94400,0.005088183097541332,-0.03089309297502041,0.03130931034684181,-80.64717864990234
94600,0.00506805581972003,-0.030832117423415184,0.031245874240994453,-80.6654281616211
94800,0.0050473990850150585,-0.030767738819122314,0.031178999692201614,-80.6836929321289
95000,0.00502736633643508,-0.030706586316227913,0.03111541084945202,-80.70186614990234
95200,0.005007938016206026,-0.03064812906086445,0.031054584309458733,-80.71981811523438
95400,0.0049878633581101894,-0.030585000291466713,0.030989045277237892,-80.73761749267578
95600,0.004968028049916029,-0.03052379935979843,0.030925452709197998,-80.7556381225586
95800,0.004948922898620367,-0.03046640194952488,0.030865734443068504,-80.77352905273438
96000,0.004929672926664352,-0.030407404527068138,0.030804414302110672,-80.7912826538086
96200,0.004910099320113659,-0.030346091836690903,0.030740758404135704,-80.80900573730469
96400,0.004890792071819305,-0.030285516753792763,0.030677881091833115,-80.82653045654297
96600,0.004872647579759359,-0.030231909826397896,0.030622068792581558,-80.84404754638672
96800,0.0048537361435592175,-0.03017367422580719,0.03056156635284424,-80.86167907714844
97000,0.004835326224565506,-0.030116979032754898,0.030502669513225555,-80.87891387939453
97200,0.004816640634089708,-0.03005852922797203,0.030441995710134506,-80.89619445800781
97400,0.004798006732016802,-0.0300001073628664,0.03038136474788189,-80.91346740722656
97600,0.0047796121798455715,-0.02994231879711151,0.0303213968873024,-80.9305419921875
97800,0.0047607626765966415,-0.029882123693823814,0.030258985236287117,-80.94781494140625
98000,0.00474238395690918,-0.02982340194284916,0.030198104679584503,-80.96472930908203
98200,0.0047237626276910305,-0.029763419181108475,0.03013594262301922,-80.98178100585938
98400,0.004705844447016716,-0.029707038775086403,0.030077451840043068,-80.9986572265625
98600,0.004687903448939323,-0.02965019829571247,0.030018506571650505,-81.0155029296875
98800,0.004670171532779932,-0.02959449030458927,0.029960714280605316,-81.03235626220703
99000,0.004652588628232479,-0.0295389574021101,0.029903119429945946,-81.0490493774414
99200,0.004634812008589506,-0.02948218584060669,0.02984427474439144,-81.06580352783203
99400,0.004617068916559219,-0.02942453883588314,0.02978457324206829,-81.0822982788086
99600,0.004599624779075384,-0.0293682012706995,0.029726212844252586,-81.09868621826172
99800,0.004581953398883343,-0.02931145578622818,0.02966742031276226,-81.11544799804688
100000,0.004564679693430662,-0.029254673048853874,0.029608651995658875,-81.13150787353516
100200,0.004547308199107647,-0.029198724776506424,0.029550693929195404,-81.14805603027344
100400,0.004530867096036673,-0.0291468296200037,0.02949688769876957,-81.16409301757812
100600,0.004513539839535952,-0.029090605676174164,0.029438670724630356,-81.18061065673828
100800,0.004496587440371513,-0.0290345698595047,0.02938069961965084,-81.19652557373047
101000,0.0044797807931900024,-0.02898016944527626,0.029324371367692947,-81.21271514892578
101200,0.004463092423975468,-0.028925538063049316,0.02926783077418804,-81.2286605834961
101400,0.0044462112709879875,-0.02886917069554329,0.029209550470113754,-81.24452209472656
101600,0.004429834429174662,-0.028815768659114838,0.029154278337955475,-81.26036071777344
101800,0.004413263406604528,-0.02876167930662632,0.029098300263285637,-81.27642822265625
102000,0.004397369455546141,-0.028710568323731422,0.02904537133872509,-81.29212951660156
102200,0.00438125291839242,-0.028658496215939522,0.028991462662816048,-81.30802917480469
102400,0.004364972468465567,-0.028603767976164818,0.02893490344285965,-81.32351684570312
102600,0.004348801914602518,-0.028550786897540092,0.028880087658762932,-81.33938598632812
102800,0.004332381766289473,-0.028495019301772118,0.028822485357522964,-81.3549575805664
103000,0.004317047540098429,-0.028446052223443985,0.028771771118044853,-81.3704833984375
103200,0.004300655331462622,-0.028389766812324524,0.028713664039969444,-81.38597869873047
103400,0.00428533460944891,-0.028340240940451622,0.02866240404546261,-81.40142822265625
103600,0.004269471392035484,-0.028286248445510864,0.02860664762556553,-81.41667175292969
103800,0.0042536561377346516,-0.02823263593018055,0.02855127491056919,-81.43199920654297
104000,0.0042382488027215,-0.02818170376121998,0.028498614206910133,-81.44737243652344
104200,0.00422284472733736,-0.02813008986413479,0.0284452885389328,-81.46259307861328
104400,0.004207905847579241,-0.02808067947626114,0.02839420735836029,-81.47760009765625
104600,0.004192887339740992,-0.02803085185587406,0.028342705219984055,-81.4926986694336
104800,0.0041776420548558235,-0.027978885918855667,0.028289055451750755,-81.5076675415039
105000,0.004162476863712072,-0.02792755886912346,0.028236055746674538,-81.52272033691406
105200,0.004147856961935759,-0.027879642322659492,0.028186505660414696,-81.53775787353516
105400,0.004132486879825592,-0.02782539650797844,0.028130589053034782,-81.55245971679688
105600,0.004117569420486689,-0.027774473652243614,0.028078030794858932,-81.56731414794922
105800,0.004102832637727261,-0.027724316343665123,0.02802625484764576,-81.58206939697266
106000,0.0040880716405808926,-0.027673732489347458,0.02797405794262886,-81.59680938720703
106200,0.004073583986610174,-0.027624091133475304,0.02792283147573471,-81.61133575439453
106400,0.004059357102960348,-0.027576055377721786,0.027873234823346138,-81.62586212158203
106600,0.004045000299811363,-0.027526915073394775,0.027822528034448624,-81.64037322998047
106800,0.0040310462936758995,-0.027480458840727806,0.027774538844823837,-81.65492248535156
107000,0.00401646364480257,-0.02742908149957657,0.0277215875685215,-81.6693344116211
107200,0.004002491012215614,-0.027381908148527145,0.027672890573740005,-81.68380737304688
107400,0.003987940493971109,-0.02732985094189644,0.027619274333119392,-81.69805145263672
107600,0.003974290564656258,-0.02728395164012909,0.027571888640522957,-81.71234130859375
107800,0.003960262984037399,-0.027234790846705437,0.027521220967173576,-81.72649383544922
108000,0.003946440294384956,-0.027187053114175797,0.027471991255879402,-81.74069213867188
108200,0.003932405728846788,-0.027137646451592445,0.027421079576015472,-81.75489044189453
108400,0.003918495029211044,-0.027088569477200508,0.027370518073439598,-81.76897430419922
108600,0.0039045442827045918,-0.02703830599784851,0.027318773791193962,-81.7828369140625
108800,0.003891316009685397,-0.026993287727236748,0.027272328734397888,-81.79682922363281
109000,0.003877463983371854,-0.026943372562527657,0.027220947667956352,-81.8106918334961
109200,0.0038640249986201525,-0.026896318420767784,0.02717246115207672,-81.8246078491211
109400,0.003850952023640275,-0.026852089911699295,0.027126824483275414,-81.83865356445312
109600,0.0038372790440917015,-0.02680169977247715,0.02707500383257866,-81.85215759277344
109800,0.0038245078176259995,-0.026758672669529915,0.02703060209751129,-81.86602783203125
110000,0.0038109973538666964,-0.026709552854299545,0.026980064809322357,-81.87967681884766
110200,0.0037976703606545925,-0.026661835610866547,0.026930946856737137,-81.89340209960938
110400,0.0037849817890673876,-0.026617353782057762,0.02688511833548546,-81.90680694580078
110600,0.0037722408305853605,-0.026573441922664642,0.026839852333068848,-81.9205322265625
110800,0.0037591748405247927,-0.026526393368840218,0.02679143287241459,-81.9340591430664
111000,0.0037465246859937906,-0.02648073621094227,0.026744455099105835,-81.9471664428711
111200,0.003733674995601177,-0.026434550061821938,0.02669692412018776,-81.96058654785156
111400,0.0037205922417342663,-0.026386413723230362,0.026647431775927544,-81.97396850585938
111600,0.003707963041961193,-0.0263411533087492,0.026600850746035576,-81.98728942871094
111800,0.0036959771532565355,-0.026300495490431786,0.026558922603726387,-82.00067138671875
112000,0.003683697432279587,-0.026256553828716278,0.02651369944214821,-82.01373291015625
112200,0.003671218641102314,-0.026211516931653023,0.02646736614406109,-82.02693939208984
112400,0.003658732632175088,-0.026165761053562164,0.026420321315526962,-82.03999328613281
112600,0.0036461150739341974,-0.02611938863992691,0.026372648775577545,-82.05319213867188
112800,0.0036338286008685827,-0.026074161753058434,0.02632615901529789,-82.0660629272461
113000,0.0036215903237462044,-0.026029536500573158,0.026280270889401436,-82.07906341552734
113200,0.0036096193362027407,-0.025986799970269203,0.026236293837428093,-82.09209442138672
113400,0.0035977428779006004,-0.025943445041775703,0.026191718876361847,-82.10478210449219
113600,0.0035856894683092833,-0.0258998591452837,0.026146890595555305,-82.1178207397461
113800,0.0035735999699681997,-0.02585471421480179,0.026100514456629753,-82.1305160522461
114000,0.003561855759471655,-0.025812353938817978,0.026056943461298943,-82.14334869384766
114200,0.0035502882674336433,-0.025769921019673347,0.0260133296251297,-82.15580749511719
114400,0.00353844091296196,-0.02572636492550373,0.025968564674258232,-82.16858673095703
114600,0.0035271933302283287,-0.025687044486403465,0.025928081944584846,-82.1813735961914
114800,0.003515530377626419,-0.025642523542046547,0.025882385671138763,-82.19354248046875
115000,0.003503906773403287,-0.025599295273423195,0.025837980210781097,-82.2060546875
115200,0.003492312505841255,-0.025556182488799095,0.025793693959712982,-82.21858978271484
115400,0.003480856539681554,-0.025513792410492897,0.02575014717876911,-82.2310791015625
115600,0.003469038987532258,-0.02546914853155613,0.025704314932227135,-82.24371337890625
115800,0.0034579013008624315,-0.02542802132666111,0.02566206082701683,-82.25596618652344
116000,0.0034463168121874332,-0.025383180007338524,0.02561607025563717,-82.26812744140625
116200,0.003435497172176838,-0.02534482628107071,0.025576608255505562,-82.28058624267578
116400,0.0034240190871059895,-0.025300579145550728,0.025531219318509102,-82.29277801513672
116600,0.0034133042208850384,-0.025262361392378807,0.02549191191792488,-82.30512237548828
116800,0.0034021553583443165,-0.025220105424523354,0.025448543950915337,-82.3172607421875
117000,0.003391077509149909,-0.025177910923957825,0.025405248627066612,-82.32929229736328
117200,0.0033800892997533083,-0.025136249139904976,0.025362491607666016,-82.34132385253906
117400,0.003369148587808013,-0.025094475597143173,0.02531963400542736,-82.353271484375
117600,0.003358454443514347,-0.025055190548300743,0.025279276072978973,-82.36544799804688
117800,0.0033474161755293608,-0.025012502446770668,0.025235500186681747,-82.37740325927734
118000,0.0033366067800670862,-0.024970894679427147,0.025192828848958015,-82.38922119140625
118200,0.003325924975797534,-0.02493095211684704,0.025151820853352547,-82.40129089355469
118400,0.003315549110993743,-0.024892261251807213,0.025112099945545197,-82.4130859375
118600,0.0033047953620553017,-0.02484983392059803,0.025068623945116997,-82.42464447021484
118800,0.0032940672244876623,-0.02480829320847988,0.02502603270113468,-82.43645477294922
119000,0.003284118138253689,-0.024772539734840393,0.024989278987050056,-82.44828033447266
119200,0.0032732635736465454,-0.024728506803512573,0.024944202974438667,-82.45970153808594
119400,0.0032628995832055807,-0.0246886033564806,0.02490328811109066,-82.4712905883789
119600,0.003252458292990923,-0.02464796043932438,0.024861624464392662,-82.48287963867188
119800,0.0032422621734440327,-0.024609163403511047,0.024821829050779343,-82.4944839477539
120000,0.0032319107558578253,-0.024568529799580574,0.024780193343758583,-82.50595092773438
120200,0.0032215744722634554,-0.024528872221708298,0.024739526212215424,-82.51770782470703
120400,0.0032113133929669857,-0.02448861673474312,0.024698276072740555,-82.52914428710938
120600,0.003201404120773077,-0.02445080690085888,0.024659499526023865,-82.5405502319336
120800,0.0031911807600408792,-0.024410700425505638,0.02461840584874153,-82.5520248413086
121000,0.003181421896442771,-0.02437291294336319,0.024579672142863274,-82.56317138671875
121200,0.0031717391684651375,-0.02433641441166401,0.024542229250073433,-82.57455444335938
121400,0.003161919768899679,-0.024298937991261482,0.02450379729270935,-82.58599090576172
121600,0.0031518801115453243,-0.02425835095345974,0.024462254717946053,-82.5970458984375
121800,0.003142173867672682,-0.024221086874604225,0.024424051865935326,-82.60836029052734
122000,0.0031324902083724737,-0.024182960391044617,0.02438499592244625,-82.61940002441406
122200,0.0031235760543495417,-0.024150680750608444,0.02435183897614479,-82.63043975830078
122400,0.003113777143880725,-0.024111991748213768,0.0243122149258852,-82.64165496826172
122600,0.003104139119386673,-0.024074330925941467,0.024273628368973732,-82.65283203125
122800,0.0030943749006837606,-0.024035055190324783,0.02423342876136303,-82.66384887695312
123000,0.0030846265144646168,-0.02399572916328907,0.024193180724978447,-82.67485809326172
123200,0.003075459273532033,-0.023960141465067863,0.024156713858246803,-82.68566131591797
123400,0.003065716475248337,-0.02392023243010044,0.02411589026451111,-82.69654846191406
123600,0.0030565981287509203,-0.023884907364845276,0.024079691618680954,-82.70738220214844
123800,0.003047195030376315,-0.023847021162509918,0.02404092065989971,-82.71815490722656
124000,0.003038026625290513,-0.023810552433133125,0.024003583937883377,-82.72882080078125
124200,0.003028836799785495,-0.023774046450853348,0.023966209962964058,-82.73957061767578
124400,0.003019232302904129,-0.023735078051686287,0.02392634004354477,-82.75059509277344
124600,0.003010042244568467,-0.02369794063270092,0.02388834021985531,-82.76121520996094
124800,0.0030008070170879364,-0.023660097271203995,0.02384963445365429,-82.77177429199219

