frecuencia,X,Y,R,T
200,0.20101311802864075,-0.0026267513167113066,0.20103028416633606,-0.7486740946769714
400,0.20088185369968414,-0.005492822267115116,0.20095694065093994,-1.5662784576416016
600,0.20067495107650757,-0.008294107392430305,0.20084628462791443,-2.3667476177215576
800,0.20040108263492584,-0.011064674705266953,0.20070628821849823,-3.160243034362793
1000,0.20003722608089447,-0.013813371770083904,0.20051360130310059,-3.9502313137054443
1200,0.19962643086910248,-0.016542816534638405,0.20031070709228516,-4.737210750579834
1400,0.19911304116249084,-0.01924474723637104,0.20004090666770935,-5.52062463760376
1600,0.19853967428207397,-0.021924205124378204,0.1997465342283249,-6.301487922668457
1800,0.19788965582847595,-0.02457389421761036,0.1994096040725708,-7.078739166259766
2000,0.19716957211494446,-0.0271949153393507,0.19903619587421417,-7.853060722351074
2200,0.19638395309448242,-0.029782632365822792,0.1986294537782669,-8.62348747253418
2400,0.19553770124912262,-0.03233732655644417,0.19819356501102448,-9.390379905700684
2600,0.1946088671684265,-0.03485264629125595,0.19770513474941254,-10.153504371643066
2800,0.19365252554416656,-0.03733845055103302,0.19721932709217072,-10.913366317749023
3000,0.19261793792247772,-0.03978342562913895,0.19668348133563995,-11.66981029510498
3200,0.19152726233005524,-0.04218246787786484,0.19611744582653046,-12.420677185058594
3400,0.19039252400398254,-0.044539064168930054,0.19553270936012268,-13.166593551635742
3600,0.1892034411430359,-0.04685058817267418,0.1949177235364914,-13.9078369140625
3800,0.18794699013233185,-0.049110088497400284,0.1942572295665741,-14.643831253051758
4000,0.18665623664855957,-0.05131996423006058,0.19358277320861816,-15.373252868652344
4200,0.18530893325805664,-0.05347704887390137,0.19287092983722687,-16.097251892089844
4400,0.18392020463943481,-0.05558372288942337,0.19213587045669556,-16.815683364868164
4600,0.1825009286403656,-0.05764153599739075,0.1913873851299286,-17.52832794189453
4800,0.18104374408721924,-0.059648025780916214,0.1906166970729828,-18.235368728637695
5000,0.17952650785446167,-0.06159354746341705,0.18979866802692413,-18.9365234375
5200,0.1780114769935608,-0.06349866837263107,0.1889978051185608,-19.631879806518555
5400,0.17643830180168152,-0.06533791124820709,0.18814760446548462,-20.320390701293945
5600,0.17486366629600525,-0.06713307648897171,0.18730764091014862,-21.002626419067383
5800,0.17323312163352966,-0.0688638985157013,0.18641875684261322,-21.678884506225586
6000,0.17158445715904236,-0.07054084539413452,0.18551883101463318,-22.348270416259766
6200,0.16991962492465973,-0.07216553390026093,0.18460917472839355,-23.01112174987793
6400,0.16822844743728638,-0.07373148947954178,0.18367671966552734,-23.666969299316406
6600,0.1665484607219696,-0.07525598257780075,0.18276174366474152,-24.31613540649414
6800,0.1648382693529129,-0.07671953737735748,0.18181733787059784,-24.958354949951172
7000,0.16309183835983276,-0.0781186893582344,0.18083548545837402,-25.593761444091797
7200,0.16135597229003906,-0.07947491109371185,0.17986665666103363,-26.222270965576172
7400,0.15959839522838593,-0.08077287673950195,0.17887398600578308,-26.844005584716797
7600,0.15784859657287598,-0.08202546089887619,0.17788860201835632,-27.458480834960938
7800,0.15607179701328278,-0.08321687579154968,0.17687128484249115,-28.06636619567871
8000,0.15432031452655792,-0.08437396585941315,0.1758798509836197,-28.667438507080078
8200,0.15253084897994995,-0.08546119928359985,0.17484071850776672,-29.261383056640625
8400,0.1507662981748581,-0.0865110233426094,0.17382356524467468,-29.84758186340332
8600,0.14898806810379028,-0.08750578761100769,0.17278516292572021,-30.427169799804688
8800,0.14721347391605377,-0.08845383673906326,0.17174367606639862,-30.999727249145508
9000,0.14542846381664276,-0.08934690058231354,0.1706818789243698,-31.565322875976562
9200,0.14368294179439545,-0.09021542966365814,0.16965734958648682,-32.12382888793945
9400,0.14192037284374237,-0.09102489799261093,0.16860288381576538,-32.67530059814453
9600,0.14015507698059082,-0.09178539365530014,0.16753509640693665,-33.22016906738281
9800,0.138421893119812,-0.09252147376537323,0.16649577021598816,-33.75884246826172
10000,0.1366778165102005,-0.09320187568664551,0.16543100774288177,-34.29043960571289
10200,0.13496142625808716,-0.0938536748290062,0.1643870323896408,-34.81517791748047
10400,0.13323374092578888,-0.09445010870695114,0.1633158028125763,-35.333030700683594
10600,0.13154272735118866,-0.09502562135457993,0.16227556765079498,-35.84410095214844
10800,0.1298447698354721,-0.09554839879274368,0.1612115502357483,-36.34809875488281
11000,0.12817740440368652,-0.09604547172784805,0.16016922891139984,-36.84482955932617
11200,0.12651844322681427,-0.09650664776563644,0.1591240018606186,-37.33592224121094
11400,0.1248641237616539,-0.09693046659231186,0.1580713987350464,-37.82174301147461
11600,0.12323646992444992,-0.09733091294765472,0.15703672170639038,-38.30131912231445
11800,0.12161831557750702,-0.09768928587436676,0.1559942662715912,-38.77299118041992
12000,0.12001413106918335,-0.09801226109266281,0.15495094656944275,-39.237571716308594
12200,0.11844226717948914,-0.09831694513559341,0.153931125998497,-39.69549560546875
12400,0.11687328666448593,-0.09858352690935135,0.152898907661438,-40.147891998291016
12600,0.11533434689044952,-0.09883370995521545,0.15188848972320557,-40.59433364868164
12800,0.1138104498386383,-0.09905437380075455,0.1508793830871582,-41.03451919555664
13000,0.11228998005390167,-0.09923908114433289,0.1498580425977707,-41.469444274902344
13200,0.11078973859548569,-0.09940243512392044,0.14884626865386963,-41.898990631103516
13400,0.10930854082107544,-0.09954085946083069,0.1478402465581894,-42.32228088378906
13600,0.10785093903541565,-0.09966155886650085,0.1468477100133896,-42.740020751953125
13800,0.10639386624097824,-0.09974164515733719,0.14583571255207062,-43.151641845703125
14000,0.10497163236141205,-0.09981712698936462,0.1448533833026886,-43.55817413330078
14200,0.10356166958808899,-0.09986469149589539,0.14386790990829468,-43.95884323120117
14400,0.10217959433794022,-0.09989984333515167,0.14290083944797516,-44.35364532470703
14600,0.10080813616514206,-0.09990990161895752,0.1419305056333542,-44.743595123291016
14800,0.09946056455373764,-0.09990550577640533,0.14097344875335693,-45.127864837646484
15000,0.09813406318426132,-0.0998871698975563,0.14002764225006104,-45.50722885131836
15200,0.09681591391563416,-0.09984540194272995,0.1390770524740219,-45.88254165649414
15400,0.09550817310810089,-0.09978087991476059,0.1381232589483261,-46.25336456298828
15600,0.09423625469207764,-0.09971638768911362,0.13719996809959412,-46.61846160888672
15800,0.09298314899206161,-0.09963193535804749,0.13628055155277252,-46.97697448730469
16000,0.09174168109893799,-0.09952437877655029,0.13535743951797485,-47.330101013183594
16200,0.09052789211273193,-0.09941273927688599,0.13445515930652618,-47.67816925048828
16400,0.08933025598526001,-0.0992894396185875,0.13356004655361176,-48.02242660522461
16600,0.0881442278623581,-0.09914558380842209,0.13266217708587646,-48.361671447753906
16800,0.0869787335395813,-0.09899543970823288,0.1317778378725052,-48.697021484375
17000,0.0858292505145073,-0.09883136302232742,0.13089804351329803,-49.02759552001953
17200,0.08469285070896149,-0.09865289181470871,0.13002027571201324,-49.3541259765625
17400,0.08357983827590942,-0.09847161918878555,0.12915979325771332,-49.67637252807617
17600,0.08248623460531235,-0.09828213602304459,0.12830962240695953,-49.99393081665039
17800,0.08139503002166748,-0.09806641936302185,0.127444788813591,-50.30735778808594
18000,0.08033086359500885,-0.09785205870866776,0.12660203874111176,-50.615989685058594
18200,0.07927848398685455,-0.09762406349182129,0.12575984001159668,-50.920658111572266
18400,0.07825344800949097,-0.09740424901247025,0.12494474649429321,-51.22200012207031
18600,0.07723629474639893,-0.0971655398607254,0.12412327527999878,-51.51902389526367
18800,0.07623852044343948,-0.09692291170358658,0.12331409007310867,-51.81178665161133
19000,0.07525509595870972,-0.0966721624135971,0.12251055240631104,-52.10077667236328
19200,0.0743023231625557,-0.09643515199422836,0.12173977494239807,-52.386104583740234
19400,0.07334508001804352,-0.09616655111312866,0.12094422429800034,-52.66766357421875
19600,0.07241398096084595,-0.09590648114681244,0.12017419934272766,-52.94544982910156
19800,0.071485735476017,-0.09562627226114273,0.11939260363578796,-53.21992492675781
20000,0.07057350128889084,-0.0953424870967865,0.11862044036388397,-53.49076461791992
20200,0.069681815803051,-0.09506380558013916,0.11786722391843796,-53.75856018066406
20400,0.06879333406686783,-0.09476344287395477,0.11710094660520554,-54.02229690551758
20600,0.06793687492609024,-0.09448427706956863,0.11637309938669205,-54.28278732299805
20800,0.06708575785160065,-0.09418942034244537,0.11563799530267715,-54.539894104003906
21000,0.06624694168567657,-0.09389059990644455,0.1149090901017189,-54.794124603271484
21200,0.06542093306779861,-0.09358754754066467,0.1141863688826561,-55.04512023925781
21400,0.06460247188806534,-0.09327401220798492,0.11346153914928436,-55.293155670166016
21600,0.06379895657300949,-0.09295998513698578,0.11274690926074982,-55.53797149658203
21800,0.06301429122686386,-0.09265242516994476,0.11205031722784042,-55.77979278564453
22000,0.06223658099770546,-0.09233459830284119,0.1113511174917221,-56.01872253417969
22200,0.0614711195230484,-0.0920126810669899,0.11065727472305298,-56.25421142578125
22400,0.0607205294072628,-0.09169209003448486,0.10997464507818222,-56.48659133911133
22600,0.05998310446739197,-0.09137190133333206,0.10930141061544418,-56.716217041015625
22800,0.05925340950489044,-0.0910453051328659,0.1086287871003151,-56.94342041015625
23000,0.058538179844617844,-0.09072060883045197,0.10796734690666199,-57.16755294799805
23200,0.057825978845357895,-0.09038730710744858,0.10730195790529251,-57.39059829711914
23400,0.05711912363767624,-0.09005208313465118,0.10663945227861404,-57.61345672607422
23600,0.056437596678733826,-0.08972326666116714,0.1059974804520607,-57.829341888427734
23800,0.055759020149707794,-0.08938036859035492,0.10534665733575821,-58.04244613647461
24000,0.05509881302714348,-0.08904910087585449,0.10471685975790024,-58.252994537353516
24200,0.054447371512651443,-0.08871620893478394,0.10409169644117355,-58.461509704589844
24400,0.05380673706531525,-0.08838490396738052,0.10347490757703781,-58.66788101196289
24600,0.05317464470863342,-0.08805085718631744,0.10286153852939606,-58.87187194824219
24800,0.05254955217242241,-0.08770915120840073,0.10224651545286179,-59.072723388671875
25000,0.05193917453289032,-0.08737550675868988,0.10164722055196762,-59.27121353149414
25200,0.051339998841285706,-0.08704378455877304,0.10105649381875992,-59.46712112426758
25400,0.05074603855609894,-0.08670700341463089,0.10046524554491043,-59.661319732666016
25600,0.05016018822789192,-0.08636976033449173,0.09987883269786835,-59.8536491394043
25800,0.04958289489150047,-0.0860310047864914,0.09929651767015457,-60.04353332519531
26000,0.04901657626032829,-0.08569449931383133,0.09872270375490189,-60.230777740478516
26200,0.04846217855811119,-0.08536241948604584,0.09815970063209534,-60.41543960571289
26400,0.04791323095560074,-0.08502533286809921,0.09759603440761566,-60.59798812866211
26600,0.04737458750605583,-0.0846923366189003,0.09704195708036423,-60.77853012084961
26800,0.04684131592512131,-0.0843578651547432,0.09649019688367844,-60.95793151855469
27000,0.04631996899843216,-0.08402770757675171,0.09594892710447311,-61.134403228759766
27200,0.04580315202474594,-0.08369225263595581,0.09540609270334244,-61.308963775634766
27400,0.04529837146401405,-0.08336468040943146,0.09487682580947876,-61.48139572143555
27600,0.044798318296670914,-0.08303320407867432,0.09434724599123001,-61.65211486816406
27800,0.044306784868240356,-0.08270464837551117,0.09382510930299759,-61.82101821899414
28000,0.0438227504491806,-0.0823761597275734,0.09330736845731735,-61.987754821777344
28200,0.043346159160137177,-0.08204888552427292,0.0927949845790863,-62.152652740478516
28400,0.04287191480398178,-0.08171433955430984,0.09227803349494934,-62.315982818603516
28600,0.0424114465713501,-0.08139368891716003,0.09178052097558975,-62.4775276184082
28800,0.041956521570682526,-0.08107135444879532,0.09128480404615402,-62.63725662231445
29000,0.041505299508571625,-0.08074501156806946,0.09078792482614517,-62.79550552368164
29200,0.04105836898088455,-0.08041497319936752,0.09029041230678558,-62.95199966430664
29400,0.04061773419380188,-0.08008461445569992,0.08979613333940506,-63.10654067993164
29600,0.040187425911426544,-0.07976427674293518,0.08931611478328705,-63.2597770690918
29800,0.03976519778370857,-0.07944858819246292,0.08884452283382416,-63.411354064941406
30000,0.03934786096215248,-0.07913019508123398,0.08837331086397171,-63.560916900634766
30200,0.03893124312162399,-0.07880327105522156,0.08789537847042084,-63.70920181274414
30400,0.038526542484760284,-0.07849008589982986,0.08743561804294586,-63.85606384277344
30600,0.03812846913933754,-0.07817773520946503,0.08698009699583054,-64.00079345703125
30800,0.03773276507854462,-0.07785987854003906,0.0865212231874466,-64.14405059814453
31000,0.037344034761190414,-0.07754672318696976,0.08607015013694763,-64.2860107421875
31200,0.03695700690150261,-0.07722727209329605,0.08561467379331589,-64.4266128540039
31400,0.03658342733979225,-0.07692500948905945,0.08518100529909134,-64.56552124023438
31600,0.03620808571577072,-0.07661204040050507,0.08473741263151169,-64.70381927490234
31800,0.035842739045619965,-0.07630976289510727,0.08430825173854828,-64.84052276611328
32000,0.03547651320695877,-0.07599528133869171,0.08386814594268799,-64.97563934326172
32200,0.03512215241789818,-0.07569513469934464,0.08344650268554688,-65.10894012451172
32400,0.03476807847619057,-0.07538723945617676,0.08301840722560883,-65.24116516113281
32600,0.034422341734170914,-0.07508757710456848,0.08260170370340347,-65.37188720703125
32800,0.03407898172736168,-0.07478451728820801,0.08218333125114441,-65.5014419555664
33000,0.03374035283923149,-0.07448077946901321,0.08176672458648682,-65.62911224365234
33200,0.03340774029493332,-0.07418359071016312,0.08135896921157837,-65.75611114501953
33400,0.03308382257819176,-0.07389717549085617,0.08096500486135483,-65.88189697265625
33600,0.03275896981358528,-0.07359856367111206,0.08055990934371948,-66.00598907470703
33800,0.03244473412632942,-0.07331639528274536,0.080174520611763,-66.129150390625
34000,0.03212554380297661,-0.07301649451255798,0.07977129518985748,-66.25163269042969
34200,0.0318128876388073,-0.07272166013717651,0.07937568426132202,-66.37249755859375
34400,0.03151068091392517,-0.07243942469358444,0.07899615168571472,-66.49127197265625
34600,0.031209532171487808,-0.07215441018342972,0.07861484587192535,-66.60967254638672
34800,0.030913839116692543,-0.0718749463558197,0.07824112474918365,-66.7271728515625
35000,0.030615976080298424,-0.07158438116312027,0.07785668224096298,-66.84405517578125
35200,0.03033004328608513,-0.07131126523017883,0.07749328017234802,-66.95902252197266
35400,0.030042650178074837,-0.07102721184492111,0.07711955904960632,-67.07290649414062
35600,0.02976224012672901,-0.0707504153251648,0.07675553858280182,-67.18519592285156
35800,0.02948002703487873,-0.07046695053577423,0.07638496905565262,-67.29788208007812
36000,0.02920384146273136,-0.07018809765577316,0.07602126896381378,-67.4087905883789
36200,0.02892797254025936,-0.06990735977888107,0.07565624266862869,-67.52001190185547
36400,0.028658412396907806,-0.06963019073009491,0.07529719918966293,-67.62889862060547
36600,0.02839558757841587,-0.0693594366312027,0.07494692504405975,-67.73591613769531
36800,0.02813437022268772,-0.06909018754959106,0.07459890842437744,-67.8432388305664
37000,0.02787397801876068,-0.06881731748580933,0.07424810528755188,-67.9499282836914
37200,0.027622010558843613,-0.06855355948209763,0.07390917092561722,-68.05420684814453
37400,0.027370475232601166,-0.0682859942317009,0.07356710731983185,-68.15803527832031
37600,0.027124512940645218,-0.06802430748939514,0.07323282212018967,-68.26049041748047
37800,0.026880770921707153,-0.06776266545057297,0.07289961725473404,-68.36225891113281
38000,0.026638735085725784,-0.06749924272298813,0.07256562262773514,-68.46320343017578
38200,0.02640283666551113,-0.06724382936954498,0.07224155962467194,-68.56288146972656
38400,0.026169367134571075,-0.06698846071958542,0.07191862910985947,-68.66165161132812
38600,0.02593785896897316,-0.0667325109243393,0.07159609347581863,-68.75968933105469
38800,0.025710389018058777,-0.06648167967796326,0.07127999514341354,-68.85707092285156
39000,0.025485249236226082,-0.06622900813817978,0.07096322625875473,-68.9530258178711
39200,0.0252621341496706,-0.06597592681646347,0.07064700126647949,-69.04818725585938
39400,0.025044692680239677,-0.06573222577571869,0.07034175097942352,-69.14260864257812
39600,0.02482598088681698,-0.06547895818948746,0.07002729922533035,-69.23605346679688
39800,0.024611610919237137,-0.06523334980010986,0.06972174346446991,-69.32921600341797
40000,0.024401480332016945,-0.06499192863702774,0.06942177563905716,-69.421142578125
40200,0.024192100390791893,-0.06474769115447998,0.06911960989236832,-69.5124740600586
40400,0.023986153304576874,-0.06450740993022919,0.06882253289222717,-69.60306549072266
40600,0.023780586197972298,-0.0642639696598053,0.06852279603481293,-69.69322967529297
40800,0.02358108013868332,-0.06402945518493652,0.06823370605707169,-69.7820053100586
41000,0.023381011560559273,-0.06378838419914246,0.0679384246468544,-69.87007141113281
41200,0.0231852475553751,-0.06355467438697815,0.06765169650316238,-69.9576187133789
41400,0.022988619282841682,-0.06331238895654678,0.06735677272081375,-70.04412078857422
41600,0.022798625752329826,-0.06308405846357346,0.0670773908495903,-70.1301040649414
41800,0.022609932348132133,-0.06285309046506882,0.06679610908031464,-70.2149887084961
42000,0.022424399852752686,-0.06262683123350143,0.06652047485113144,-70.29939270019531
42200,0.02223934419453144,-0.06239691376686096,0.06624170392751694,-70.38304138183594
42400,0.02205667272210121,-0.062169384211301804,0.06596612185239792,-70.46615600585938
42600,0.02187490649521351,-0.06193883344531059,0.0656881332397461,-70.54833221435547
42800,0.021695666015148163,-0.061712127178907394,0.06541474163532257,-70.63024139404297
43000,0.02151677943766117,-0.061482056975364685,0.06513842940330505,-70.71155548095703
43200,0.021344907581806183,-0.06126687303185463,0.06487861275672913,-70.79205322265625
43400,0.02117231860756874,-0.06104477867484093,0.06461216509342194,-70.87178039550781
43600,0.021003572270274162,-0.06082843616604805,0.06435253471136093,-70.95060729980469
43800,0.02083369344472885,-0.060606952756643295,0.06408780068159103,-71.02954864501953
44000,0.020665938034653664,-0.060386575758457184,0.06382491439580917,-71.1076431274414
44200,0.020499685779213905,-0.060167036950588226,0.06356342881917953,-71.18535614013672
44400,0.0203370600938797,-0.05995161086320877,0.06330712139606476,-71.26179504394531
44600,0.02017677202820778,-0.05973935127258301,0.06305467337369919,-71.33776092529297
44800,0.0200191643089056,-0.05952947586774826,0.06280545890331268,-71.4127197265625
45000,0.019863320514559746,-0.059322040528059006,0.06255921721458435,-71.4874496459961
45200,0.019711026921868324,-0.059121254831552505,0.0623205192387104,-71.56160736083984
45400,0.01955745927989483,-0.05891244485974312,0.06207390874624252,-71.63511657714844
45600,0.019405143335461617,-0.058704573661088943,0.06182868778705597,-71.70838928222656
45800,0.01925663836300373,-0.058502037078142166,0.06158982589840889,-71.78042602539062
46000,0.01910809800028801,-0.058297012001276016,0.06134868413209915,-71.85232543945312
46200,0.018960362300276756,-0.058089375495910645,0.06110541149973869,-71.92332458496094
46400,0.018816307187080383,-0.05789237841963768,0.06087348237633705,-71.99468231201172
46600,0.018672369420528412,-0.05768897011876106,0.06063558906316757,-72.06462097167969
46800,0.01853002980351448,-0.057487837970256805,0.06040044501423836,-72.13432312011719
47000,0.018390368670225143,-0.05729032680392265,0.060169655829668045,-72.20320892333984
47200,0.018251042813062668,-0.057089973241090775,0.059936344623565674,-72.271484375
47400,0.018113840371370316,-0.056894104927778244,0.059708043932914734,-72.33966064453125
47600,0.017977094277739525,-0.05669659376144409,0.05947839841246605,-72.40745544433594
47800,0.01784389652311802,-0.05650815740227699,0.05925855413079262,-72.47515106201172
48000,0.017713133245706558,-0.056318555027246475,0.059038419276475906,-72.54076385498047
48200,0.017580606043338776,-0.056122008711099625,0.05881120264530182,-72.6064682006836
48400,0.017450083047151566,-0.05593068152666092,0.05858964845538139,-72.67234802246094
48600,0.017321571707725525,-0.0557410754263401,0.05837040767073631,-72.7373275756836
48800,0.01719442941248417,-0.05555205047130585,0.058152202516794205,-72.80168914794922
49000,0.01706731878221035,-0.05536247417330742,0.05793355405330658,-72.86634826660156
49200,0.01694205403327942,-0.05517443269491196,0.05771699175238609,-72.93018341064453
49400,0.016819383949041367,-0.0549921840429306,0.05750679969787598,-72.99371337890625
49600,0.01669863425195217,-0.05481095239520073,0.0572982132434845,-73.05618286132812
49800,0.0165761299431324,-0.05461978167295456,0.05707967281341553,-73.11788940429688
50000,0.016457417979836464,-0.05444004014134407,0.05687323212623596,-73.17974090576172
50200,0.016339216381311417,-0.05425771698355675,0.05666453763842583,-73.24079895019531
50400,0.016222011297941208,-0.05407876893877983,0.056459423154592514,-73.30232238769531
50600,0.016107574105262756,-0.05390159785747528,0.05625688284635544,-73.36212158203125
50800,0.015993637964129448,-0.053725309669971466,0.056055378168821335,-73.42211151123047
51000,0.015881946310400963,-0.05355197563767433,0.05585741251707077,-73.4811782836914
51200,0.01576869934797287,-0.053373176604509354,0.05565382167696953,-73.54061889648438
51400,0.015658730641007423,-0.05320111662149429,0.05545768514275551,-73.59921264648438
51600,0.015549621544778347,-0.053027667105197906,0.055260512977838516,-73.6569595336914
51800,0.01544065959751606,-0.05285387113690376,0.05506310611963272,-73.7148666381836
52000,0.015332097187638283,-0.05268023535609245,0.05486602336168289,-73.77284240722656
52200,0.015223539434373379,-0.052504055202007294,0.05466655269265175,-73.83049011230469
52400,0.015120966359972954,-0.05234270915389061,0.05448304861783981,-73.8868408203125
52600,0.015016740188002586,-0.05217365548014641,0.0542917400598526,-73.94300079345703
52800,0.014914263039827347,-0.052006784826517105,0.054103054106235504,-73.99840545654297
53000,0.014811328612267971,-0.05183810368180275,0.053912561386823654,-74.05414581298828
53200,0.014710729010403156,-0.05167144536972046,0.05372470244765282,-74.10848236083984
53400,0.0146114407107234,-0.05150933936238289,0.0535416342318058,-74.16316223144531
53600,0.01451332401484251,-0.051348645240068436,0.05336028337478638,-74.2174301147461
53800,0.014412837103009224,-0.051175884902477264,0.05316672846674919,-74.27100372314453
54000,0.014319388195872307,-0.05102430284023285,0.05299551412463188,-74.3238296508789
54200,0.014221212826669216,-0.050857942551374435,0.052808839827775955,-74.37760925292969
54400,0.01412705983966589,-0.050701431930065155,0.05263277515769005,-74.4304428100586
54600,0.014034119434654713,-0.05054428055882454,0.05245646834373474,-74.48216247558594
54800,0.013939333148300648,-0.050382841378450394,0.05227557569742203,-74.534912109375
55000,0.013848192058503628,-0.050228167325258255,0.052102215588092804,-74.5861587524414
55200,0.013756542466580868,-0.05007097125053406,0.05192633345723152,-74.63754272460938
55400,0.013667103834450245,-0.04991796240210533,0.05175512656569481,-74.68814849853516
55600,0.013577233999967575,-0.049763020128011703,0.051581971347332,-74.73898315429688
55800,0.0134882852435112,-0.04960867762565613,0.05140967294573784,-74.78933715820312
56000,0.013401485048234463,-0.049460578709840775,0.051244013011455536,-74.83954620361328
56200,0.013313640840351582,-0.04930461570620537,0.051070522516965866,-74.88890838623047
56400,0.013228513300418854,-0.049155689775943756,0.050904568284749985,-74.93771362304688
56600,0.013144738972187042,-0.04901145398616791,0.05074353888630867,-74.98673248291016
56800,0.013060146011412144,-0.048859819769859314,0.05057518556714058,-75.03479766845703
57000,0.012976407073438168,-0.04871227592229843,0.05041103810071945,-75.08344268798828
57200,0.012894094921648502,-0.04856723174452782,0.05024971440434456,-75.13156127929688
57400,0.01281288918107748,-0.048421312123537064,0.050087857991456985,-75.17851257324219
57600,0.012730672024190426,-0.0482725128531456,0.04992299899458885,-75.22603607177734
57800,0.01265013962984085,-0.048128098249435425,0.04976283386349678,-75.27330017089844
58000,0.012571335770189762,-0.04798942431807518,0.04960869997739792,-75.32061004638672
58200,0.01249270886182785,-0.047844380140304565,0.04944847896695137,-75.36615753173828
58400,0.012415708042681217,-0.047706522047519684,0.049295660108327866,-75.41226196289062
58600,0.012337005697190762,-0.04755984619259834,0.04913390427827835,-75.4580078125
58800,0.012260918505489826,-0.04742148891091347,0.04898088797926903,-75.5035171508789
59000,0.012184440158307552,-0.047280143946409225,0.048824917525053024,-75.54888916015625
59200,0.012110731564462185,-0.04714692011475563,0.04867753013968468,-75.5937728881836
59400,0.012035024352371693,-0.047006119042634964,0.048522334545850754,-75.63898468017578
59600,0.011960962787270546,-0.046865854412317276,0.048368100076913834,-75.68276977539062
59800,0.011887341737747192,-0.04672675579786301,0.04821512848138809,-75.72666931152344
60000,0.011814307421445847,-0.046589355915784836,0.048063974827528,-75.7706527709961
60200,0.011743228882551193,-0.0464569553732872,0.04791818559169769,-75.81413269042969
60400,0.011672358959913254,-0.046322934329509735,0.047770895063877106,-75.85713195800781
60600,0.01160183735191822,-0.04619018733501434,0.04762495681643486,-75.90038299560547
60800,0.011531321331858635,-0.04605504497885704,0.047476716339588165,-75.94319152832031
61000,0.011462533846497536,-0.045924246311187744,0.047333139926195145,-75.98551177978516
61200,0.011393697001039982,-0.045792169868946075,0.04718833789229393,-76.02776336669922
61400,0.011324064806103706,-0.04565662518143654,0.047040004283189774,-76.0702133178711
61600,0.011257621459662914,-0.045529380440711975,0.046900518238544464,-76.111572265625
61800,0.011191125027835369,-0.04540252685546875,0.04676142334938049,-76.15335083007812
62000,0.011123823001980782,-0.04526729881763458,0.04661402851343155,-76.19390106201172
62200,0.011057724244892597,-0.0451393760740757,0.04647403955459595,-76.23539733886719
62400,0.010992640629410744,-0.04501349851489067,0.04633630812168121,-76.27653503417969
62600,0.010927675291895866,-0.044883981347084045,0.04619508236646652,-76.31669616699219
62800,0.010862905532121658,-0.04475339502096176,0.04605289548635483,-76.35655975341797
63000,0.01079985499382019,-0.04463023319840431,0.04591834545135498,-76.39676666259766
63200,0.01073623076081276,-0.04450463503599167,0.045781318098306656,-76.43718719482422
63400,0.01067421305924654,-0.044379912316799164,0.045645538717508316,-76.47614288330078
63600,0.010612532496452332,-0.04425659030675888,0.04551122337579727,-76.51534271240234
63800,0.010551211424171925,-0.044133756309747696,0.04537748917937279,-76.5544662475586
64000,0.010491580702364445,-0.04401461035013199,0.04524775594472885,-76.59281921386719
64200,0.01042838767170906,-0.043882817029953,0.04510491341352463,-76.63208770751953
64400,0.01036857534199953,-0.0437624491751194,0.044973984360694885,-76.67076873779297
64600,0.010310342535376549,-0.0436461977660656,0.04484744742512703,-76.70892333984375
64800,0.010250546038150787,-0.043522853404283524,0.04471367225050926,-76.74715423583984
65000,0.010191894136369228,-0.04340019449591637,0.0445808470249176,-76.78439331054688
65200,0.010133637115359306,-0.04328065738081932,0.044451165944337845,-76.82227325439453
65400,0.010078486986458302,-0.043167997151613235,0.04432890564203262,-76.85847473144531
65600,0.010021243244409561,-0.04304824769496918,0.04419928789138794,-76.89544677734375
65800,0.009964421391487122,-0.04293127730488777,0.04407249018549919,-76.93291473388672
66000,0.009908979758620262,-0.04281514883041382,0.04394683986902237,-76.9690933227539
66200,0.009852295741438866,-0.04269662871956825,0.043818600475788116,-77.00636291503906
66400,0.009798580780625343,-0.042584579437971115,0.04369735345244408,-77.04195404052734
66600,0.009744793176651001,-0.04247322306036949,0.04357677698135376,-77.07804870605469
66800,0.009690523147583008,-0.04235798865556717,0.04345233365893364,-77.11381530761719
67000,0.009636628441512585,-0.04224270582199097,0.043327946215867996,-77.1492919921875
67200,0.009584171697497368,-0.04213101416826248,0.04320738837122917,-77.18416595458984
67400,0.009530650451779366,-0.04201624542474747,0.04308362305164337,-77.21971893310547
67600,0.009479332715272903,-0.041908975690603256,0.04296766221523285,-77.25479888916016
67800,0.009427089244127274,-0.0417967289686203,0.042846664786338806,-77.28983306884766
68000,0.00937678199261427,-0.041688524186611176,0.042730048298835754,-77.32371520996094
68200,0.009325404651463032,-0.0415765643119812,0.042609550058841705,-77.35807800292969
68400,0.009275335818529129,-0.041468970477581024,0.042493611574172974,-77.39220428466797
68600,0.009224426001310349,-0.04135793074965477,0.0423741489648819,-77.42660522460938
68800,0.009174157865345478,-0.0412476509809494,0.04225558042526245,-77.46057891845703
69000,0.009126255288720131,-0.04114416986703873,0.04214417189359665,-77.49360656738281
69200,0.009077469818294048,-0.04103858768939972,0.042030539363622665,-77.5273666381836
69400,0.009028870612382889,-0.04093209654092789,0.041916072368621826,-77.560791015625
69600,0.008981617167592049,-0.040827274322509766,0.04180353879928589,-77.59308624267578
69800,0.00893228966742754,-0.04071666672825813,0.04168492183089256,-77.62664031982422
70000,0.008885642513632774,-0.04061364382505417,0.041574303060770035,-77.65900421142578
70200,0.008839324116706848,-0.040511153638362885,0.04146428778767586,-77.69126892089844
70400,0.008791721425950527,-0.0404030866920948,0.04134856536984444,-77.72379302978516
70600,0.0087437080219388,-0.04029237478971481,0.041230179369449615,-77.75627136230469
70800,0.008700043894350529,-0.0401994064450264,0.041130077093839645,-77.78825378417969
71000,0.008655557408928871,-0.04009990394115448,0.04102341830730438,-77.819580078125
71200,0.008610489778220654,-0.03999978303909302,0.04091604799032211,-77.85169219970703
71400,0.008565486408770084,-0.039898212999105453,0.040807291865348816,-77.8834457397461
71600,0.00852119643241167,-0.03979527950286865,0.040697358548641205,-77.91400146484375
71800,0.008477378636598587,-0.039696693420410156,0.04059179127216339,-77.9453353881836
72000,0.008432223461568356,-0.039591480046510696,0.040479473769664764,-77.97673797607422
72200,0.00838998518884182,-0.039495281875133514,0.04037659615278244,-78.0069351196289
72400,0.008347239345312119,-0.03939991816878319,0.04027443379163742,-78.03822326660156
72600,0.008305534720420837,-0.03930320963263512,0.04017118737101555,-78.06782531738281
72800,0.008262396790087223,-0.039202526211738586,0.0400637648999691,-78.09841918945312
73000,0.0082209138199687,-0.03910728916525841,0.03996202349662781,-78.12844848632812
73200,0.008180283010005951,-0.03901460021734238,0.03986296430230141,-78.15819549560547
73400,0.008138815872371197,-0.038918592035770416,0.03976049646735191,-78.18828582763672
73600,0.00809695478528738,-0.038819581270217896,0.03965501859784126,-78.21820831298828
73800,0.008056094869971275,-0.038722917437553406,0.039552051573991776,-78.24755859375
74000,0.00801607221364975,-0.03863229602575302,0.03945518285036087,-78.27765655517578
74200,0.007974316366016865,-0.038527220487594604,0.03934382274746895,-78.30610656738281
74400,0.007934283465147018,-0.03843461722135544,0.03924503177404404,-78.33594512939453
74600,0.007895045913755894,-0.038340047001838684,0.03914448618888855,-78.36419677734375
74800,0.007856592535972595,-0.0382511243224144,0.03904964029788971,-78.39314270019531
75000,0.00781674962490797,-0.03815412148833275,0.03894660994410515,-78.4218521118164
75200,0.0077781276777386665,-0.038061000406742096,0.03884763643145561,-78.45008850097656
75400,0.007739092689007521,-0.03796681761741638,0.038747549057006836,-78.478759765625
75600,0.007701891008764505,-0.03787875920534134,0.038653843104839325,-78.50672149658203
75800,0.007663927040994167,-0.037786342203617096,0.03855571895837784,-78.53463745117188
76000,0.0076272254809737206,-0.037698838859796524,0.038462668657302856,-78.56230926513672
76200,0.007589245680719614,-0.037605833262205124,0.0383639857172966,-78.59036254882812
76400,0.007552259135991335,-0.03751669079065323,0.0382692888379097,-78.61824035644531
76600,0.007516445126384497,-0.037428416311740875,0.03817569091916084,-78.64479064941406
76800,0.00747896172106266,-0.0373372845351696,0.03807896375656128,-78.67308807373047
77000,0.007442612666636705,-0.03724707290530205,0.037983376532793045,-78.70011901855469
77200,0.007406947202980518,-0.03715992718935013,0.03789093717932701,-78.72718811035156
77400,0.007371658459305763,-0.0370732806622982,0.03779906779527664,-78.75396728515625
77600,0.0073350961320102215,-0.03698178753256798,0.037702202796936035,-78.7813491821289
77800,0.0073003014549613,-0.0368955172598362,0.037610817700624466,-78.80777740478516
78000,0.0072662923485040665,-0.036812037229537964,0.0375223308801651,-78.83397674560547
78200,0.007231166586279869,-0.03672381490468979,0.037428975105285645,-78.86058044433594
78400,0.007196713704615831,-0.03663690760731697,0.037337057292461395,-78.88668823242188
78600,0.007161961402744055,-0.03654831275343895,0.03724342957139015,-78.91287231445312
78800,0.0071282838471233845,-0.03646354377269745,0.03715376555919647,-78.9386978149414
79000,0.007094499655067921,-0.036378663033246994,0.03706398606300354,-78.96478271484375
79200,0.007060857489705086,-0.03629312291741371,0.03697358816862106,-78.99058532714844
79400,0.007027878891676664,-0.03620881587266922,0.03688454255461693,-79.01585388183594
79600,0.006994547788053751,-0.03612320497632027,0.03679415211081505,-79.0414047241211
79800,0.006961990613490343,-0.03603871911764145,0.03670502081513405,-79.06623077392578
80000,0.0069284080527722836,-0.03595340624451637,0.03661489114165306,-79.0925064086914
80200,0.0068972427397966385,-0.03587536886334419,0.03653237223625183,-79.11734771728516
80400,0.006865167524665594,-0.03579429164528847,0.036446698009967804,-79.14279174804688
80600,0.006833668798208237,-0.03571191057562828,0.03635986149311066,-79.1670913696289
80800,0.006801458075642586,-0.0356280617415905,0.03627145662903786,-79.19216918945312
81000,0.006769720930606127,-0.03554505482316017,0.03618397191166878,-79.21688842773438
81200,0.006738319527357817,-0.03546113520860672,0.036095667630434036,-79.24092864990234
81400,0.006707216612994671,-0.03538066893815994,0.03601080924272537,-79.2656478881836
81600,0.00667718518525362,-0.035305291414260864,0.03593116253614426,-79.2903060913086
81800,0.006646119523793459,-0.03522283211350441,0.03584436699748039,-79.31460571289062
82000,0.006616111844778061,-0.035144705325365067,0.035762038081884384,-79.3386459350586
82200,0.006585889495909214,-0.03506426140666008,0.03567739203572273,-79.36244201660156
82400,0.006555971689522266,-0.03498550131917,0.03559446334838867,-79.38636779785156
82600,0.006526879500597715,-0.03490811213850975,0.03551304712891579,-79.40950012207031
82800,0.006497009191662073,-0.03483160585165024,0.0354323573410511,-79.43424224853516
83000,0.006468344479799271,-0.0347537137567997,0.035350531339645386,-79.4567642211914
83200,0.0064394534565508366,-0.03467743098735809,0.03527025133371353,-79.48023223876953
83400,0.006408874411135912,-0.03459339961409569,0.035182055085897446,-79.50421142578125
83600,0.006381373852491379,-0.034520264714956284,0.0351051390171051,-79.52660369873047
83800,0.0063525172881782055,-0.03444281592965126,0.03502373769879341,-79.54998779296875
84000,0.006324307061731815,-0.034368038177490234,0.034945081919431686,-79.5732421875
84200,0.006295796949416399,-0.034289926290512085,0.034863103181123734,-79.59608459472656
84400,0.006268377415835857,-0.034215375781059265,0.03478483110666275,-79.61833190917969
84600,0.006240989547222853,-0.034142520278692245,0.03470823913812637,-79.64112854003906
84800,0.00621217442676425,-0.03406209126114845,0.03462393954396248,-79.66410827636719
85000,0.006185005884617567,-0.03398987650871277,0.03454802557826042,-79.68694305419922
85200,0.006157520227134228,-0.033912450075149536,0.034466929733753204,-79.70885467529297
85400,0.006130011286586523,-0.033837124705314636,0.03438790515065193,-79.73152923583984
85600,0.006103249732404947,-0.03376331925392151,0.034310515969991684,-79.75353240966797
85800,0.006077196449041367,-0.03369297832250595,0.034236665815114975,-79.77549743652344
86000,0.0060505992732942104,-0.033617615699768066,0.034157779067754745,-79.79696655273438
86200,0.006025280337780714,-0.033552445471286774,0.03408915549516678,-79.81944274902344
86400,0.005999150685966015,-0.03347950056195259,0.03401274234056473,-79.84104919433594
86600,0.005972889252007008,-0.033408038318157196,0.03393777087330818,-79.86341094970703
86800,0.005947282072156668,-0.03333582729101181,0.03386218473315239,-79.88455963134766
87000,0.005921185482293367,-0.033262282609939575,0.033785201609134674,-79.9062271118164
87200,0.005896551068872213,-0.03319210186600685,0.033711791038513184,-79.9265365600586
87400,0.00587155856192112,-0.033124685287475586,0.03364104777574539,-79.9483642578125
87600,0.005845030304044485,-0.033046141266822815,0.033559080213308334,-79.96955108642578
87800,0.00582075072452426,-0.03297800198197365,0.03348775580525398,-79.99015045166016
88000,0.005796689074486494,-0.03291142359375954,0.03341801092028618,-80.01094055175781
88200,0.005771697498857975,-0.03284032642841339,0.03334365412592888,-80.03204345703125
88400,0.005747320130467415,-0.03277352452278137,0.03327364847064018,-80.05347442626953
88600,0.00572248687967658,-0.0327007994055748,0.03319773077964783,-80.07400512695312
88800,0.005699103698134422,-0.032634809613227844,0.03312869742512703,-80.09416961669922
89000,0.005674293730407953,-0.0325627326965332,0.033053427934646606,-80.11504364013672
89200,0.005650759674608707,-0.03249416500329971,0.03298184275627136,-80.13487243652344
89400,0.005627397447824478,-0.032428186386823654,0.032912835478782654,-80.15525817871094
89600,0.00560276722535491,-0.03235642611980438,0.03283792734146118,-80.17619323730469
89800,0.005579954478889704,-0.03229175880551338,0.0327703133225441,-80.19620513916016
90000,0.005557271186262369,-0.03222616761922836,0.03270182013511658,-80.2157974243164
90200,0.005534469615668058,-0.03216103836894035,0.032633766531944275,-80.2358169555664
90400,0.005510399583727121,-0.0320904403924942,0.032560113817453384,-80.2564926147461
90600,0.005487860646098852,-0.03202679753303528,0.032493576407432556,-80.27667236328125
90800,0.005465235095471144,-0.0319584384560585,0.032422374933958054,-80.29566955566406
91000,0.005443400237709284,-0.03189510479569435,0.03235626965761185,-80.31488037109375
91200,0.005420092027634382,-0.031825024634599686,0.032283272594213486,-80.33473205566406
91400,0.0053981877863407135,-0.03176054358482361,0.03221603110432625,-80.35388946533203
91600,0.005374576430767775,-0.031688738614320755,0.03214128687977791,-80.37393188476562
91800,0.005353264044970274,-0.03162826970219612,0.032078105956315994,-80.39340209960938
92000,0.005331633146852255,-0.03156619891524315,0.03201329708099365,-80.41303253173828
92200,0.005311077460646629,-0.03150568902492523,0.0319502130150795,-80.43130493164062
92400,0.005288429092615843,-0.031436942517757416,0.03187865763902664,-80.45091247558594
92600,0.0052663423120975494,-0.03137265890836716,0.03181160241365433,-80.47093963623047
92800,0.005245679523795843,-0.031308408826589584,0.0317448228597641,-80.48851776123047
93000,0.005224278196692467,-0.03124426119029522,0.03167801722884178,-80.50751495361328
93200,0.005203909240663052,-0.031186716631054878,0.0316179059445858,-80.52672576904297
93400,0.0051831831224262714,-0.03112262487411499,0.03155127912759781,-80.54469299316406
93600,0.005162373185157776,-0.031059004366397858,0.03148510679602623,-80.56303405761719
93800,0.005141148809343576,-0.030996078625321388,0.031419552862644196,-80.5823974609375
94000,0.005120754707604647,-0.030932502821087837,0.03135349974036217,-80.60015869140625
94200,0.00510005559772253,-0.03087155893445015,0.03128999471664429,-80.61932373046875
94400,0.005079830065369606,-0.03080996312201023,0.03122592717409134,-80.63750457763672
94600,0.005059846211224794,-0.030748041346669197,0.031161578372120857,-80.6552505493164
94800,0.005039798095822334,-0.0306890569627285,0.03110012598335743,-80.67404174804688
95000,0.005019912030547857,-0.030628250911831856,0.031036900356411934,-80.69208526611328
95200,0.004999597556889057,-0.03056262619793415,0.030968857929110527,-80.70953369140625
95400,0.004980634897947311,-0.030506910756230354,0.030910812318325043,-80.72754669189453
95600,0.004960633814334869,-0.03044554777443409,0.030847029760479927,-80.745849609375
95800,0.004941960796713829,-0.030386727303266525,0.030785974115133286,-80.76254272460938
96000,0.004921921528875828,-0.030325816944241524,0.030722634866833687,-80.78119659423828
96200,0.004902549088001251,-0.03026512823998928,0.0306596327573061,-80.79875946044922
96400,0.004884748253971338,-0.030210042372345924,0.030602410435676575,-80.81517028808594
96600,0.0048657869920134544,-0.03015543520450592,0.03054547868669033,-80.83393096923828
96800,0.004846639931201935,-0.030093107372522354,0.030480897054076195,-80.85079956054688
97000,0.00482805585488677,-0.030034087598323822,0.030419673770666122,-80.86767578125
97200,0.004809853620827198,-0.029979031533002853,0.030362429097294807,-80.88510131835938
97400,0.004790837410837412,-0.029919199645519257,0.030300339683890343,-80.9026870727539
97600,0.004772504325956106,-0.029863892123103142,0.030242832377552986,-80.92041778564453
97800,0.004754174500703812,-0.029803508892655373,0.03018031269311905,-80.93668365478516
98000,0.004735506605356932,-0.02974531427025795,0.03011990524828434,-80.95431518554688
98200,0.004717317409813404,-0.029688742011785507,0.030061177909374237,-80.97160339355469
98400,0.0046996017917990685,-0.029631001874804497,0.03000137396156788,-80.98770904541016
98600,0.004681802354753017,-0.029573792591691017,0.029942084103822708,-81.00420379638672
98800,0.004664578940719366,-0.029521718621253967,0.029887961223721504,-81.02120208740234
99000,0.004647029098123312,-0.02946530282497406,0.02982950024306774,-81.03759002685547
99200,0.004628514405339956,-0.029406022280454636,0.02976805716753006,-81.05501556396484
99400,0.00461177621036768,-0.029352959245443344,0.029713038355112076,-81.07099151611328
99600,0.0045944685116410255,-0.02929806523025036,0.029656125232577324,-81.08756256103516
99800,0.004577115643769503,-0.02924310229718685,0.029599139466881752,-81.10426330566406
100000,0.004559705965220928,-0.029184339568018913,0.029538391157984734,-81.12000274658203
100200,0.004542600363492966,-0.029128994792699814,0.0294810701161623,-81.13624572753906
100400,0.004526016302406788,-0.029078980907797813,0.029429098591208458,-81.15314483642578
100600,0.004509416408836842,-0.02902124635875225,0.029369501397013664,-81.16781616210938
100800,0.004491683095693588,-0.02896564081311226,0.029311833903193474,-81.18537902832031
101000,0.004475564230233431,-0.028911136090755463,0.02925550378859043,-81.20021057128906
101200,0.004458848387002945,-0.028856966644525528,0.02919941581785679,-81.21637725830078
101400,0.004441864788532257,-0.028801636770367622,0.029142141342163086,-81.23275756835938
101600,0.004425603896379471,-0.02874894253909588,0.02908758819103241,-81.24859619140625
101800,0.0044092885218560696,-0.02869458869099617,0.029031384736299515,-81.26409912109375
102000,0.004392839502543211,-0.02864065393805504,0.028975578024983406,-81.28004455566406
102200,0.004376699682325125,-0.028587963432073593,0.02892104908823967,-81.29582977294922
102400,0.004361310042440891,-0.028535455465316772,0.02886682003736496,-81.31024932861328
102600,0.004343945998698473,-0.02848014421761036,0.028809521347284317,-81.32776641845703
102800,0.004328369162976742,-0.028428025543689728,0.02875565178692341,-81.3427963256836
103000,0.004312110599130392,-0.02837454341351986,0.02870033122599125,-81.35881042480469
103200,0.004297174047678709,-0.02832406759262085,0.02864818461239338,-81.37317657470703
103400,0.004281559493392706,-0.028274210169911385,0.0285965483635664,-81.38912963867188
103600,0.004266072064638138,-0.028222084045410156,0.028542691841721535,-81.4041976928711
103800,0.004250361584126949,-0.028170639649033546,0.028489479795098305,-81.41997528076172
104000,0.004234671592712402,-0.0281188003718853,0.028435880318284035,-81.43565368652344
104200,0.004219443071633577,-0.02806738018989563,0.028382768854498863,-81.4505844116211
104400,0.004203952848911285,-0.028013965114951134,0.028327643871307373,-81.46551513671875
104600,0.004189376253634691,-0.027964670211076736,0.028276734054088593,-81.47989654541016
104800,0.004174001980572939,-0.027911081910133362,0.028221460059285164,-81.4946517944336
105000,0.004158499650657177,-0.027858633548021317,0.028167294338345528,-81.51005554199219
105200,0.004144536796957254,-0.027813520282506943,0.02812061831355095,-81.52462005615234
105400,0.0041291373781859875,-0.027758948504924774,0.028064372017979622,-81.53929901123047
105600,0.00411340594291687,-0.027705436572432518,0.02800912968814373,-81.55502319335938
105800,0.004098531324416399,-0.027652932330965996,0.027955008670687675,-81.56937408447266
106000,0.004084292333573103,-0.027606455609202385,0.02790694870054722,-81.58430480957031
106200,0.004070081748068333,-0.027555415406823158,0.027854381129145622,-81.59785461425781
106400,0.0040550921112298965,-0.027505027130246162,0.027802342548966408,-81.61323547363281
106600,0.004041259177029133,-0.027458898723125458,0.02775469236075878,-81.62760162353516
106800,0.004026785492897034,-0.02741033397614956,0.02770453505218029,-81.64259338378906
107000,0.004013503435999155,-0.02736292965710163,0.0276557058095932,-81.65554809570312
107200,0.0039992621168494225,-0.02731293812394142,0.027604179456830025,-81.66973114013672
107400,0.003984411712735891,-0.02726276032626629,0.02755238115787506,-81.68516540527344
107600,0.003970792051404715,-0.027216818183660507,0.027504952624440193,-81.69940185546875
107800,0.003956478554755449,-0.027165550738573074,0.02745215594768524,-81.71351623535156
108000,0.003943745978176594,-0.02712201327085495,0.027407238259911537,-81.72673797607422
108200,0.003930160775780678,-0.02707582898437977,0.027359580621123314,-81.74097442626953
108400,0.003915951121598482,-0.027026113122701645,0.02730834297835827,-81.7554931640625
108600,0.003902241587638855,-0.026978595182299614,0.027259349822998047,-81.76969146728516
108800,0.0038885094691067934,-0.026931297034025192,0.027210572734475136,-81.78404235839844
109000,0.00387445162050426,-0.026879696175456047,0.02715749479830265,-81.79784393310547
109200,0.0038621469866484404,-0.026838913559913635,0.02711537294089794,-81.81128692626953
109400,0.003848222317174077,-0.02678881399333477,0.027063803747296333,-81.82535552978516
109600,0.0038348103407770395,-0.026741016656160355,0.027014585211873055,-81.83910369873047
109800,0.003821405116468668,-0.026695793494582176,0.026967916637659073,-81.85365295410156
110000,0.0038086019922047853,-0.026650475338101387,0.026921244338154793,-81.86695861816406
110200,0.003795646596699953,-0.02660295180976391,0.026872364804148674,-81.87997436523438
110400,0.0037832956295460463,-0.026559865102171898,0.026827964931726456,-81.89308166503906
110600,0.0037698023952543736,-0.02651211991906166,0.026778796687722206,-81.90726470947266
110800,0.0037568886764347553,-0.026464851573109627,0.026730183511972427,-81.92040252685547
111000,0.0037439910229295492,-0.026418620720505714,0.026682596653699875,-81.93387603759766
111200,0.003731498494744301,-0.026375891640782356,0.026638541370630264,-81.94757843017578
111400,0.003719029249623418,-0.026329487562179565,0.026590846478939056,-81.96017456054688
111600,0.0037060256581753492,-0.02628365531563759,0.026543647050857544,-81.97413635253906
111800,0.0036939289420843124,-0.026239817962050438,0.026498550549149513,-81.98680114746094
112000,0.0036816394422203302,-0.026195263490080833,0.026452718302607536,-81.99970245361328
112200,0.0036690884735435247,-0.026150094345211983,0.026406243443489075,-82.01303100585938
112400,0.0036575067788362503,-0.02610962651669979,0.026364559307694435,-82.02574157714844
112600,0.0036444293800741434,-0.02606065198779106,0.02631424367427826,-82.03913879394531
112800,0.0036324725951999426,-0.026016797870397568,0.026269158348441124,-82.05172729492188
113000,0.0036204939242452383,-0.025974469259381294,0.026225579902529716,-82.06485748291016
113200,0.0036082861479371786,-0.02592998929321766,0.0261798407882452,-82.07787322998047
113400,0.0035963773261755705,-0.02588869445025921,0.026137297973036766,-82.09125518798828
113600,0.003584588412195444,-0.02584216557443142,0.026089593768119812,-82.10283660888672
113800,0.0035723159089684486,-0.025797301903367043,0.026043469086289406,-82.11602020263672
114000,0.003560285549610853,-0.025753581896424294,0.025998512282967567,-82.12906646728516
114200,0.003548509906977415,-0.025709787383675575,0.025953518226742744,-82.1415786743164
114400,0.003537383396178484,-0.025669900700449944,0.025912484154105186,-82.15389251708984
114600,0.0035255916882306337,-0.025627335533499718,0.02586870826780796,-82.1668930053711
114800,0.0035139985848218203,-0.02558509074151516,0.025825276970863342,-82.17960357666016
115000,0.0035025656688958406,-0.025542600080370903,0.025781629607081413,-82.19192504882812
115200,0.0034902167972177267,-0.025497229769825935,0.025735003873705864,-82.2054443359375
115400,0.0034794278908520937,-0.0254552960395813,0.025691993534564972,-82.21659088134766
115600,0.0034679779782891273,-0.02541341446340084,0.025648945942521095,-82.22926330566406
115800,0.003456396982073784,-0.025371404364705086,0.025605758652091026,-82.24223327636719
116000,0.0034453824628144503,-0.025327341631054878,0.025560609996318817,-82.25336456298828
116200,0.0034338445402681828,-0.02528560720384121,0.025517703965306282,-82.26640319824219
116400,0.0034225524868816137,-0.025243880227208138,0.02547483704984188,-82.27893829345703
116600,0.0034122331999242306,-0.02520555444061756,0.025435473769903183,-82.29037475585938
116800,0.0034007816575467587,-0.025162391364574432,0.025391167029738426,-82.30290985107422
117000,0.003389449091628194,-0.025120612233877182,0.025348244234919548,-82.3156509399414
117200,0.0033794224727898836,-0.025082046166062355,0.02530868537724018,-82.32647705078125
117400,0.0033676607999950647,-0.025037042796611786,0.025262515991926193,-82.33927917480469
117600,0.003357335226610303,-0.025000855326652527,0.02522527426481247,-82.35157012939453
117800,0.003347086952999234,-0.024959690868854523,0.025183111429214478,-82.36221313476562
118000,0.0033356689382344484,-0.02491665817797184,0.025138944387435913,-82.37496948242188
118200,0.0033254718873649836,-0.024876832962036133,0.02509811893105507,-82.38597869873047
118400,0.0033145779743790627,-0.024837307631969452,0.02505750022828579,-82.39869689941406
118600,0.0033043345902115107,-0.024798447266221046,0.025017626583576202,-82.41017150878906
118800,0.0032930495217442513,-0.024754507467150688,0.0249725803732872,-82.42252349853516
119000,0.003283175639808178,-0.024715544655919075,0.024932658299803734,-82.43321228027344
119200,0.003272386034950614,-0.024673065170645714,0.024889128282666206,-82.44495391845703
119400,0.003262434620410204,-0.02463461272418499,0.024849701672792435,-82.45603942871094
119600,0.003251690650358796,-0.02459561824798584,0.024809634312987328,-82.46881866455078
119800,0.003242091741412878,-0.024558233097195625,0.0247713141143322,-82.47949981689453
120000,0.0032313151750713587,-0.024516383185982704,0.02472841553390026,-82.49156188964844
120200,0.0032208759803324938,-0.024478739127516747,0.024689728394150734,-82.50415802001953
120400,0.0032116216607391834,-0.024442682042717934,0.024652771651744843,-82.51455688476562
120600,0.003201375948265195,-0.02440263330936432,0.024611731991171837,-82.52605438232422
120800,0.0031915355939418077,-0.024361828342080116,0.02456999383866787,-82.53643035888672
121000,0.0031810863874852657,-0.024322766810655594,0.02452990412712097,-82.54878234863281
121200,0.0031712513882666826,-0.02428235486149788,0.02448856085538864,-82.55933380126953
121400,0.003161192638799548,-0.024246880784630775,0.024452082812786102,-82.57194519042969
121600,0.0031519823241978884,-0.02420959249138832,0.02441391721367836,-82.5820541381836
121800,0.003142897505313158,-0.024173635989427567,0.024377090856432915,-82.59232330322266
122000,0.0031323733273893595,-0.024131709709763527,0.02433415688574314,-82.60417175292969
122200,0.003123142058029771,-0.024098243564367294,0.024299781769514084,-82.6156005859375
122400,0.0031134209129959345,-0.024059686809778214,0.024260293692350388,-82.62666320800781
122600,0.0031036757864058018,-0.024020647630095482,0.024220328778028488,-82.6376724243164
122800,0.003094357205554843,-0.023986656218767166,0.02418542467057705,-82.64924621582031
123000,0.0030843017157167196,-0.02394525706768036,0.024143079295754433,-82.66034698486328
123200,0.0030752033926546574,-0.023908713832497597,0.024105673655867577,-82.67070007324219
123400,0.003066360717639327,-0.023872895166277885,0.02406901866197586,-82.68070220947266
123600,0.003056139452382922,-0.02383280359208584,0.024027951061725616,-82.69268798828125
123800,0.0030477389227598906,-0.023798778653144836,0.02399313636124134,-82.70225524902344
124000,0.003038447815924883,-0.02376251481473446,0.02395598776638508,-82.7132797241211
124200,0.003028981853276491,-0.02372613549232483,0.023918701335787773,-82.72472381591797
124400,0.0030201179906725883,-0.023690391331911087,0.023882122710347176,-82.73495483398438
124600,0.0030106345657259226,-0.02365216426551342,0.023843003436923027,-82.74594116210938
124800,0.00300185801461339,-0.023615499958395958,0.0238055232912302,-82.75575256347656
