frecuencia,X,Y,R,T
200,0.20125994086265564,-0.002584502100944519,0.2012765258550644,-0.7357308268547058
400,0.20115885138511658,-0.0052351271733641624,0.20122696459293365,-1.4907758235931396
600,0.20097501575946808,-0.007822701707482338,0.20112720131874084,-2.2290408611297607
800,0.2007291465997696,-0.01038570236414671,0.20099763572216034,-2.961836338043213
1000,0.20042353868484497,-0.012931015342473984,0.20084024965763092,-3.6915171146392822
1200,0.2000521868467331,-0.0154593950137496,0.20064862072467804,-4.418853759765625
1400,0.19962486624717712,-0.017968663945794106,0.2004319429397583,-5.1434550285339355
1600,0.19912439584732056,-0.020457644015550613,0.2001725286245346,-5.86587381362915
1800,0.19856566190719604,-0.02292530983686447,0.19988469779491425,-6.5858988761901855
2000,0.19795414805412292,-0.025370117276906967,0.19957326352596283,-7.303304672241211
2200,0.19727380573749542,-0.027788402512669563,0.19922135770320892,-8.018049240112305
2400,0.1965511590242386,-0.030181562528014183,0.1988549381494522,-8.729907989501953
2600,0.19576989114284515,-0.03254520520567894,0.19845663011074066,-9.438654899597168
2800,0.1949167400598526,-0.03487546741962433,0.19801221787929535,-10.144298553466797
3000,0.19402213394641876,-0.03717537596821785,0.19755151867866516,-10.846630096435547
3200,0.1930733174085617,-0.03943905979394913,0.1970602571964264,-11.544973373413086
3400,0.1920870989561081,-0.04167051985859871,0.19655506312847137,-12.239836692810059
3600,0.19104965031147003,-0.0438644140958786,0.19602054357528687,-12.930828094482422
3800,0.18995456397533417,-0.04601727053523064,0.19544903934001923,-13.61778450012207
4000,0.1888105720281601,-0.04812924191355705,0.19484828412532806,-14.300578117370605
4200,0.18762166798114777,-0.050199493765830994,0.19422121345996857,-14.97903060913086
4400,0.1864064633846283,-0.05223144590854645,0.19358588755130768,-15.652972221374512
4600,0.1851615160703659,-0.054223109036684036,0.19293765723705292,-16.3222599029541
4800,0.18387435376644135,-0.05616987496614456,0.1922624111175537,-16.986845016479492
5000,0.1825440526008606,-0.05806932598352432,0.19155776500701904,-17.646455764770508
5200,0.18118445575237274,-0.059924423694610596,0.19083696603775024,-18.300966262817383
5400,0.17978569865226746,-0.061730943620204926,0.1900884360074997,-18.950342178344727
5600,0.1783944070339203,-0.06350400298833847,0.18936030566692352,-19.594472885131836
5800,0.1769363284111023,-0.06521652638912201,0.18857267498970032,-20.233259201049805
6000,0.1754593700170517,-0.06688451766967773,0.18777522444725037,-20.866676330566406
6200,0.1739591658115387,-0.06850529462099075,0.18696193397045135,-21.494569778442383
6400,0.17245365679264069,-0.07008527964353561,0.18615102767944336,-22.116857528686523
6600,0.17091123759746552,-0.0716114193201065,0.18530744314193726,-22.733570098876953
6800,0.16936036944389343,-0.07309421896934509,0.1844605654478073,-23.34453582763672
7000,0.16779081523418427,-0.07452918589115143,0.1835983544588089,-23.94979476928711
7200,0.16620798408985138,-0.07591798156499863,0.18272556364536285,-24.54925537109375
7400,0.16460680961608887,-0.07725772261619568,0.18183553218841553,-25.142873764038086
7600,0.16299602389335632,-0.07855184376239777,0.18093670904636383,-25.730575561523438
7800,0.161372572183609,-0.07979828864336014,0.180024653673172,-26.312267303466797
8000,0.15974509716033936,-0.08100174367427826,0.17910829186439514,-26.888139724731445
8200,0.1581079661846161,-0.08215860277414322,0.17818015813827515,-27.45801544189453
8400,0.15646904706954956,-0.08327294886112213,0.1772482693195343,-28.021942138671875
8600,0.15481719374656677,-0.08433797210454941,0.17629878222942352,-28.579710006713867
8800,0.1531701683998108,-0.08536361157894135,0.17535120248794556,-29.131458282470703
9000,0.15151700377464294,-0.08634313941001892,0.17439191043376923,-29.676982879638672
9200,0.14987412095069885,-0.08728648722171783,0.17343927919864655,-30.216463088989258
9400,0.148231640458107,-0.08818811178207397,0.17248119413852692,-30.7498722076416
9600,0.14659038186073303,-0.08904913067817688,0.17151819169521332,-31.27738380432129
9800,0.14495937526226044,-0.08987520635128021,0.17056018114089966,-31.799022674560547
10000,0.1433180272579193,-0.09065362811088562,0.16958224773406982,-32.31476974487305
10200,0.14170563220977783,-0.09140846133232117,0.1686297506093979,-32.82439041137695
10400,0.14006474614143372,-0.09210291504859924,0.1676337569952011,-33.3278694152832
10600,0.1384565532207489,-0.09277760982513428,0.16666704416275024,-33.82543182373047
10800,0.13685446977615356,-0.0934160053730011,0.1656976044178009,-34.31719970703125
11000,0.13524913787841797,-0.09401257336139679,0.16471397876739502,-34.80341720581055
11200,0.1336706429719925,-0.09458734840154648,0.16375166177749634,-35.283790588378906
11400,0.13209062814712524,-0.09512318670749664,0.16277700662612915,-35.75900650024414
11600,0.1305174082517624,-0.09562302380800247,0.1617978811264038,-36.22821044921875
11800,0.12896153330802917,-0.09609394520521164,0.16082637012004852,-36.69113540649414
12000,0.12741024792194366,-0.09653030335903168,0.15984827280044556,-37.14879608154297
12200,0.12587027251720428,-0.09693410992622375,0.15886959433555603,-37.60026931762695
12400,0.12434910982847214,-0.09731455892324448,0.1579013168811798,-38.04642868041992
12600,0.1228414848446846,-0.09766744077205658,0.1569361686706543,-38.48711395263672
12800,0.12133371829986572,-0.0979832112789154,0.15595698356628418,-38.92265319824219
13000,0.11984985321760178,-0.09827990084886551,0.15499331057071686,-39.35261154174805
13200,0.11839371919631958,-0.09856048971414566,0.15404948592185974,-39.776729583740234
13400,0.11693909019231796,-0.09880651533603668,0.15309303998947144,-40.19580078125
13600,0.11550188064575195,-0.09903082996606827,0.15214397013187408,-40.60964584350586
13800,0.11408191174268723,-0.09923361986875534,0.15120182931423187,-41.018226623535156
14000,0.11266497522592545,-0.09940304607152939,0.15024767816066742,-41.42159652709961
14200,0.11128059029579163,-0.09956589341163635,0.14932091534137726,-41.81989669799805
14400,0.10989798605442047,-0.0996955931186676,0.14838051795959473,-42.21321105957031
14600,0.10854075849056244,-0.09981413930654526,0.14745832979679108,-42.601654052734375
14800,0.10718994587659836,-0.09990408271551132,0.1465281844139099,-42.98508071899414
15000,0.10586117208003998,-0.09998205304145813,0.14561249315738678,-43.364009857177734
15200,0.1045459508895874,-0.10004032403230667,0.14469940960407257,-43.738372802734375
15400,0.1032567024230957,-0.10009033232927322,0.14380550384521484,-44.10790252685547
15600,0.10197126120328903,-0.10011189430952072,0.14290040731430054,-44.472835540771484
15800,0.10069698840379715,-0.10011234879493713,0.14199425280094147,-44.833187103271484
16000,0.09945286065340042,-0.10010939091444016,0.1411125808954239,-45.1884880065918
16200,0.09822161495685577,-0.10008813440799713,0.1402323842048645,-45.53925704956055
16400,0.09700004011392593,-0.1000460535287857,0.13934926688671112,-45.88562774658203
16600,0.09579435735940933,-0.09999000281095505,0.13847222924232483,-46.22765350341797
16800,0.09461097419261932,-0.09992732852697372,0.13761071860790253,-46.565391540527344
17000,0.09343785047531128,-0.09984619170427322,0.1367475539445877,-46.89894485473633
17200,0.09227719902992249,-0.09974951297044754,0.13588616251945496,-47.228416442871094
17400,0.09114167094230652,-0.09965164214372635,0.1350453794002533,-47.553871154785156
17600,0.09002426266670227,-0.09954479336738586,0.13421450555324554,-47.87508773803711
17800,0.08890904486179352,-0.0994119718670845,0.13337001204490662,-48.19215774536133
18000,0.08782222867012024,-0.09928354620933533,0.13255175948143005,-48.505313873291016
18200,0.08674772828817368,-0.09914202988147736,0.13173575699329376,-48.814579010009766
18400,0.08568255603313446,-0.09898494184017181,0.1309179812669754,-49.120140075683594
18600,0.08463206887245178,-0.09881845116615295,0.1301063895225525,-49.42192840576172
18800,0.0835980549454689,-0.09864494949579239,0.12930375337600708,-49.71991729736328
19000,0.0825750082731247,-0.09845884889364243,0.12850205600261688,-50.014259338378906
19200,0.08158624172210693,-0.09828822314739227,0.12773758172988892,-50.30490493774414
19400,0.08059821277856827,-0.09809376299381256,0.12695848941802979,-50.59194564819336
19600,0.07962018251419067,-0.09788788110017776,0.12618008255958557,-50.875732421875
19800,0.07865899056196213,-0.09767843782901764,0.12541258335113525,-51.15602493286133
20000,0.07771141082048416,-0.0974619910120964,0.12465112656354904,-51.43285369873047
20200,0.07677749544382095,-0.09723908454179764,0.12389601022005081,-51.70627975463867
20400,0.07585472613573074,-0.09700658917427063,0.12314306944608688,-51.97621536254883
20600,0.07494641840457916,-0.09677020460367203,0.12239868938922882,-52.24299621582031
20800,0.07405015081167221,-0.09652655571699142,0.12165854126214981,-52.5064582824707
21000,0.07317099720239639,-0.09628234058618546,0.12093091011047363,-52.76651382446289
21200,0.07230107486248016,-0.09602858871221542,0.12020371854305267,-53.023468017578125
21400,0.07144695520401001,-0.09577429294586182,0.11948800832033157,-53.277313232421875
21600,0.07060129195451736,-0.0955105721950531,0.11877209693193436,-53.52823257446289
21800,0.06977108120918274,-0.095246821641922,0.11806760728359222,-53.77613067626953
22000,0.06894728541374207,-0.09497129172086716,0.11735959351062775,-54.02109146118164
22200,0.06814321130514145,-0.09470253437757492,0.11667075753211975,-54.26309585571289
22400,0.06735122948884964,-0.09443057328462601,0.11598844826221466,-54.5021858215332
22600,0.06656688451766968,-0.09415002167224884,0.1153055801987648,-54.73854446411133
22800,0.06579113751649857,-0.09386255592107773,0.11462396383285522,-54.972206115722656
23000,0.06503582000732422,-0.09358570724725723,0.11396465450525284,-55.203277587890625
23200,0.06428481638431549,-0.09329608082771301,0.11329915374517441,-55.43156814575195
23400,0.06354295462369919,-0.09300123155117035,0.11263629794120789,-55.65721130371094
23600,0.06281755119562149,-0.09271246194839478,0.11198949068784714,-55.88029861450195
23800,0.06210187450051308,-0.09241969883441925,0.11134650558233261,-56.100677490234375
24000,0.061391305178403854,-0.09211639314889908,0.11069924384355545,-56.31837844848633
24200,0.060691915452480316,-0.09181246161460876,0.1100592389702797,-56.53361129760742
24400,0.06001122668385506,-0.09151934087276459,0.10944011062383652,-56.74626922607422
24600,0.05933801084756851,-0.091220922768116,0.10882212966680527,-56.95652770996094
24800,0.05866922438144684,-0.09091278165578842,0.10819987207651138,-57.1644172668457
25000,0.05801558867096901,-0.0906115174293518,0.10759300738573074,-57.36989212036133
25200,0.05736852064728737,-0.09030446410179138,0.10698618739843369,-57.573062896728516
25400,0.05672900378704071,-0.08999325335025787,0.10638123005628586,-57.77391815185547
25600,0.05610201507806778,-0.08968645334243774,0.1057879850268364,-57.972572326660156
25800,0.055483654141426086,-0.08937779814004898,0.10519898682832718,-58.168949127197266
26000,0.054871611297130585,-0.0890640914440155,0.10461025685071945,-58.363136291503906
26200,0.05427102744579315,-0.0887540876865387,0.10403188318014145,-58.555198669433594
26400,0.05368154123425484,-0.08844710886478424,0.10346302390098572,-58.74501037597656
26600,0.05309593304991722,-0.08813240379095078,0.10289071500301361,-58.932865142822266
26800,0.0525222010910511,-0.08782349526882172,0.10233058035373688,-59.11876678466797
27000,0.0519556887447834,-0.08751223981380463,0.1017732098698616,-59.302547454833984
27200,0.05139761418104172,-0.08720128238201141,0.10122143477201462,-59.48432540893555
27400,0.050847332924604416,-0.08688993752002716,0.10067428648471832,-59.66415023803711
27600,0.050305694341659546,-0.08657995611429214,0.10013367235660553,-59.8420524597168
27800,0.049772605299949646,-0.08627162128686905,0.09959972649812698,-60.01810073852539
28000,0.049243196845054626,-0.08595681190490723,0.09906293451786041,-60.19233322143555
28200,0.04872084781527519,-0.08564111590385437,0.09852980077266693,-60.36463928222656
28400,0.04820666462182999,-0.08532727509737015,0.09800320118665695,-60.53519821166992
28600,0.04770262539386749,-0.08501909673213959,0.09748736768960953,-60.70402908325195
28800,0.047202639281749725,-0.0847051590681076,0.09696933627128601,-60.87090301513672
29000,0.04670899361371994,-0.0843898206949234,0.09645399451255798,-61.035865783691406
29200,0.04622403532266617,-0.08407806605100632,0.0959467664361,-61.199092864990234
29400,0.04574666917324066,-0.08376897871494293,0.09544631093740463,-61.360809326171875
29600,0.045273132622241974,-0.08345533907413483,0.09494445472955704,-61.52090072631836
29800,0.044809069484472275,-0.08314754068851471,0.09445299208164215,-61.6793098449707
30000,0.04434984549880028,-0.08283661305904388,0.09396176785230637,-61.835872650146484
30200,0.04390094429254532,-0.08253292739391327,0.09348249435424805,-61.990570068359375
30400,0.04345684498548508,-0.08222730457782745,0.09300445020198822,-62.14370346069336
30600,0.043018706142902374,-0.08192237466573715,0.09253044426441193,-62.29534149169922
30800,0.04258706048130989,-0.08161944150924683,0.09206189215183258,-62.445526123046875
31000,0.042160890996456146,-0.08131630718708038,0.09159630537033081,-62.594154357910156
31200,0.04174099490046501,-0.0810147225856781,0.09113559126853943,-62.741233825683594
31400,0.041324831545352936,-0.0807100236415863,0.09067441523075104,-62.88682174682617
31600,0.040920086205005646,-0.0804179310798645,0.09023024886846542,-63.03105163574219
31800,0.0405149832367897,-0.08011460304260254,0.08977646380662918,-63.173683166503906
32000,0.040118180215358734,-0.07981854677200317,0.08933346718549728,-63.31509780883789
32200,0.03972569853067398,-0.07952137291431427,0.08889196068048477,-63.455116271972656
32400,0.03933726251125336,-0.07922244071960449,0.08845120668411255,-63.59366989135742
32600,0.03895615413784981,-0.07892885059118271,0.0880190059542656,-63.730873107910156
32800,0.03857823461294174,-0.07863190770149231,0.08758571743965149,-63.8665885925293
33000,0.03820622339844704,-0.07833725214004517,0.08715756237506866,-64.00082397460938
33200,0.03783973306417465,-0.07804505527019501,0.08673450350761414,-64.1338119506836
33400,0.037480685859918594,-0.07775945216417313,0.08632110804319382,-64.26555633544922
33600,0.0371234230697155,-0.07746896147727966,0.08590453118085861,-64.39607238769531
33800,0.036771781742572784,-0.07718125730752945,0.08549333363771439,-64.52527618408203
34000,0.036422014236450195,-0.07688908278942108,0.08507934212684631,-64.65328979492188
34200,0.03607851639389992,-0.07660146802663803,0.08467257767915726,-64.78003692626953
34400,0.03573940694332123,-0.0763150304555893,0.08426914364099503,-64.9056396484375
34600,0.03540322557091713,-0.07602673768997192,0.0838656798005104,-65.03009796142578
34800,0.03507111594080925,-0.07573911547660828,0.08346495032310486,-65.15342712402344
35000,0.03474893420934677,-0.07546479254961014,0.08308082818984985,-65.27555084228516
35200,0.03442846238613129,-0.07518627494573593,0.08269397914409637,-65.39653015136719
35400,0.03411056473851204,-0.07490529119968414,0.08230634033679962,-65.51629638671875
35600,0.03379577770829201,-0.07462327927350998,0.08191940188407898,-65.63492584228516
35800,0.03348851203918457,-0.07435038685798645,0.08154422789812088,-65.75249481201172
36000,0.03318392485380173,-0.07407601177692413,0.08116913586854935,-65.86898803710938
36200,0.03288404643535614,-0.07380533963441849,0.08079968392848969,-65.98458099365234
36400,0.0325857549905777,-0.07353051751852036,0.08042740821838379,-66.09900665283203
36600,0.032293900847435,-0.07326295226812363,0.08006469905376434,-66.2123794555664
36800,0.03200394660234451,-0.07299251109361649,0.07970043271780014,-66.32469177246094
37000,0.03171897307038307,-0.07272644340991974,0.07934246957302094,-66.4360122680664
37200,0.031436190009117126,-0.0724579468369484,0.07898345589637756,-66.54617309570312
37400,0.031156545504927635,-0.07219017297029495,0.07862665504217148,-66.65545654296875
37600,0.030880851671099663,-0.07192473858594894,0.07827384769916534,-66.76374816894531
37800,0.030609851703047752,-0.07166370749473572,0.07792720198631287,-66.87112426757812
38000,0.03034074790775776,-0.07140026986598969,0.07757937908172607,-66.97747039794922
38200,0.030076714232563972,-0.07114250957965851,0.0772390142083168,-67.08295440673828
38400,0.02981613762676716,-0.0708860456943512,0.07690145820379257,-67.18737030029297
38600,0.029557978734374046,-0.07062944024801254,0.07656495273113251,-67.2909927368164
38800,0.02930072322487831,-0.07036887109279633,0.0762253850698471,-67.39375305175781
39000,0.02904657833278179,-0.07010962814092636,0.075888492166996,-67.49565124511719
39200,0.028795825317502022,-0.06985189765691757,0.07555453479290009,-67.59651947021484
39400,0.028550634160637856,-0.06960171461105347,0.07522989809513092,-67.69654846191406
39600,0.028307972475886345,-0.06935173273086548,0.07490663975477219,-67.79570770263672
39800,0.028065411373972893,-0.0690961480140686,0.07457844913005829,-67.89403533935547
40000,0.027829712256789207,-0.06885169446468353,0.07426337152719498,-67.99153900146484
40200,0.02759719081223011,-0.0686088278889656,0.07395117729902267,-68.08805084228516
40400,0.027364222332835197,-0.0683591291308403,0.07363267242908478,-68.18373107910156
40600,0.027136851102113724,-0.06811825931072235,0.07332465797662735,-68.27871704101562
40800,0.026909291744232178,-0.06787122786045074,0.07301104813814163,-68.37287902832031
41000,0.026687147095799446,-0.06763185560703278,0.07270675152540207,-68.46607971191406
41200,0.02646707557141781,-0.06739304214715958,0.0724039301276207,-68.55870819091797
41400,0.02624918892979622,-0.06715430319309235,0.0721021518111229,-68.65052032470703
41600,0.026033561676740646,-0.06691606342792511,0.07180185616016388,-68.74156951904297
41800,0.025820152834057808,-0.06667819619178772,0.07150288671255112,-68.83183288574219
42000,0.025609174743294716,-0.06644117087125778,0.0712057501077652,-68.92127227783203
42200,0.025403065606951714,-0.06621156632900238,0.07091746479272842,-69.00993347167969
42400,0.02519763633608818,-0.06597889959812164,0.07062674313783646,-69.09791564941406
42600,0.02499450370669365,-0.06574716418981552,0.07033786177635193,-69.18514251708984
42800,0.024793332442641258,-0.06551580876111984,0.0700502023100853,-69.2717056274414
43000,0.02459496632218361,-0.06528706848621368,0.06976613402366638,-69.35758209228516
43200,0.024399202316999435,-0.0650605708360672,0.06948523968458176,-69.44280242919922
43400,0.024205049499869347,-0.06483355164527893,0.06920458376407623,-69.52730560302734
43600,0.024014629423618317,-0.06461197882890701,0.0689304769039154,-69.61117553710938
43800,0.023825569078326225,-0.06438934803009033,0.06865599751472473,-69.6943359375
44000,0.0236371923238039,-0.06416400521993637,0.06837935745716095,-69.77684783935547
44200,0.023450689390301704,-0.06393914669752121,0.06810396164655685,-69.85868835449219
44400,0.023265063762664795,-0.06371209025382996,0.06782693415880203,-69.93985748291016
44600,0.02308528684079647,-0.06349669396877289,0.0675630122423172,-70.02041625976562
44800,0.02290493994951248,-0.06327532976865768,0.06729341298341751,-70.10032653808594
45000,0.022732000797986984,-0.06307019293308258,0.06704172492027283,-70.17962646484375
45200,0.0225579421967268,-0.0628575012087822,0.06678268313407898,-70.25823974609375
45400,0.022384537383913994,-0.06264246255159378,0.0665217712521553,-70.33625030517578
45600,0.022216016426682472,-0.06243690103292465,0.06627155095338821,-70.41364288330078
45800,0.022045210003852844,-0.06222071871161461,0.06601067632436752,-70.49042510986328
46000,0.021877380087971687,-0.06200910359621048,0.0657552182674408,-70.56668090820312
46200,0.02171301282942295,-0.06180354580283165,0.06550674140453339,-70.64244079589844
46400,0.021549062803387642,-0.06159505993127823,0.06525575369596481,-70.71757507324219
46600,0.021386949345469475,-0.061387475579977036,0.06500633805990219,-70.79203033447266
46800,0.021228212863206863,-0.06118562072515488,0.06476354598999023,-70.86589050292969
47000,0.021069806069135666,-0.06098128855228424,0.06451863795518875,-70.93931579589844
47200,0.02091212198138237,-0.06077473610639572,0.0642719641327858,-71.01204681396484
47400,0.020758233964443207,-0.06057532876729965,0.0640333890914917,-71.08419036865234
47600,0.020605280995368958,-0.060375381261110306,0.06379470229148865,-71.15592956542969
47800,0.02045290544629097,-0.0601729080080986,0.06355391442775726,-71.22698211669922
48000,0.020303875207901,-0.059977006167173386,0.06332052499055862,-71.29761505126953
48200,0.020154491066932678,-0.05977626144886017,0.06308253109455109,-71.36766815185547
48400,0.02000776305794716,-0.05958001688122749,0.0628497377038002,-71.437255859375
48600,0.019863473251461983,-0.059387024492025375,0.06262090057134628,-71.50619506835938
48800,0.019717708230018616,-0.059186432510614395,0.0623844638466835,-71.57471466064453
49000,0.019574645906686783,-0.05899057537317276,0.06215347722172737,-71.64277648925781
49200,0.019433336332440376,-0.05879651755094528,0.06192483752965927,-71.71031951904297
49400,0.019294798374176025,-0.058607492595911026,0.061701927334070206,-71.77738189697266
49600,0.019157323986291885,-0.058418769389390945,0.06147971376776695,-71.84407043457031
49800,0.019020818173885345,-0.05822913721203804,0.06125703081488609,-71.91012573242188
50000,0.01888522133231163,-0.05803872272372246,0.06103396788239479,-71.97561645507812
50200,0.018749667331576347,-0.05784602835774422,0.06080882251262665,-72.04090118408203
50400,0.018618987873196602,-0.05766443908214569,0.06059582531452179,-72.10549926757812
50600,0.018488092347979546,-0.0574791394174099,0.06037931144237518,-72.16967010498047
50800,0.018360789865255356,-0.057301536202430725,0.06017129495739937,-72.23328399658203
51000,0.018231067806482315,-0.057113517075777054,0.05995269864797592,-72.29651641845703
51200,0.018104227259755135,-0.056931011378765106,0.05974029749631882,-72.35917663574219
51400,0.01797831617295742,-0.056748513132333755,0.05952826142311096,-72.42143249511719
51600,0.01785404607653618,-0.05656804144382477,0.05931871756911278,-72.48322296142578
51800,0.01772991009056568,-0.05638539046049118,0.059107210487127304,-72.544677734375
52000,0.017551510266959667,-0.05619570004940033,0.05882230233550072,-72.50396423339844
52200,0.017490403726696968,-0.05603792145848274,0.05870402604341507,-72.66594696044922
52400,0.0173716489225626,-0.055863942950963974,0.05850260332226753,-72.72620391845703
52600,0.017253195866942406,-0.055688176304101944,0.05829961970448494,-72.78607940673828
52800,0.017136061564087868,-0.05551297217607498,0.05809762701392174,-72.84528350830078
53000,0.01701992005109787,-0.05533822998404503,0.057896435260772705,-72.90410614013672
53200,0.01690625585615635,-0.05516884848475456,0.05770115181803703,-72.96253967285156
53400,0.016792137175798416,-0.05499517545104027,0.057501696050167084,-73.02055358886719
53600,0.016680944710969925,-0.054828304797410965,0.05730966106057167,-73.07815551757812
53800,0.016571400687098503,-0.0546642504632473,0.05712084844708443,-73.13538360595703
54000,0.01645982824265957,-0.05449105426669121,0.05692276358604431,-73.19227600097656
54200,0.01635158807039261,-0.05432597175240517,0.05673346295952797,-73.24871063232422
54400,0.01624431274831295,-0.05416155979037285,0.05654513090848923,-73.3047866821289
54600,0.01613599993288517,-0.05399102717638016,0.0563507005572319,-73.36045837402344
54800,0.01603074185550213,-0.05382781848311424,0.0561642125248909,-73.41566467285156
55000,0.015926197171211243,-0.05366457998752594,0.0559779554605484,-73.47052764892578
55200,0.015820903703570366,-0.053497377783060074,0.05578772351145744,-73.52534484863281
55400,0.015718720853328705,-0.0533364973962307,0.05560449883341789,-73.57929992675781
55600,0.015618294477462769,-0.05318019911646843,0.055426210165023804,-73.63320922851562
55800,0.015517468564212322,-0.05302053317427635,0.055244624614715576,-73.68688201904297
56000,0.015417279675602913,-0.05285978689789772,0.05506223440170288,-73.73995208740234
56200,0.01531760673969984,-0.052698247134685516,0.05487927421927452,-73.7926254272461
56400,0.015219793654978275,-0.05254138633608818,0.054701365530490875,-73.84514617919922
56600,0.015124108642339706,-0.052389223128557205,0.05452860891819,-73.89723205566406
56800,0.015027273446321487,-0.052231039851903915,0.05434979498386383,-73.94905853271484
57000,0.014930865727365017,-0.05207176133990288,0.054170090705156326,-74.00047302246094
57200,0.014835625886917114,-0.05191448703408241,0.05399268493056297,-74.05162048339844
57400,0.014742101542651653,-0.05176042392849922,0.05381887033581734,-74.10228729248047
57600,0.01464980561286211,-0.05160890147089958,0.053647883236408234,-74.15276336669922
57800,0.014558224007487297,-0.05145777016878128,0.053477510809898376,-74.20294189453125
58000,0.014468702487647533,-0.05131151154637337,0.05331242457032204,-74.25272369384766
58200,0.014378108084201813,-0.05115935578942299,0.05314141511917114,-74.30221557617188
58400,0.014288908801972866,-0.051009900867938995,0.052973415702581406,-74.35135650634766
58600,0.014200241304934025,-0.05086032301187515,0.05280548334121704,-74.40022277832031
58800,0.014113463461399078,-0.05071522295475006,0.05264241248369217,-74.44872283935547
59000,0.014025624841451645,-0.05056421086192131,0.05247339978814125,-74.49691009521484
59200,0.013940097764134407,-0.05041930824518204,0.05231092870235443,-74.54476165771484
59400,0.013854357413947582,-0.05027199164032936,0.05214610695838928,-74.59242248535156
59600,0.013770467601716518,-0.05012907087802887,0.051986049860715866,-74.63970947265625
59800,0.013560207810819149,-0.04682098388600712,0.051785603626072407,-74.6698096823692322
60000,0.013603652827441692,-0.049841247498989105,0.05166438966989517,-74.73355102539062
60200,0.013521711342036724,-0.04969984292984009,0.051506418734788895,-74.78005981445312
60400,0.013440252281725407,-0.04955722764134407,0.051347438246011734,-74.82599639892578
60600,0.013358844444155693,-0.04941372945904732,0.05118764936923981,-74.87190246582031
60800,0.013278955593705177,-0.04927382618188858,0.05103176087141037,-74.91749572753906
61000,0.013198032043874264,-0.04912853240966797,0.05087042972445488,-74.9629135131836
61200,0.013120834715664387,-0.04899459704756737,0.05072106793522835,-75.00788116455078
61400,0.013043077662587166,-0.048856478184461594,0.05056755617260933,-75.05249786376953
61600,0.012965397909283638,-0.04871746897697449,0.05041322857141495,-75.0970458984375
61800,0.01289053913205862,-0.04858702793717384,0.050267934799194336,-75.14126586914062
62000,0.012813678942620754,-0.04844684526324272,0.05011274665594101,-75.18510437011719
62200,0.012737685814499855,-0.04830876365303993,0.04995983839035034,-75.22887420654297
62400,0.012664281763136387,-0.04817771539092064,0.04981441795825958,-75.27207946777344
62600,0.01259063184261322,-0.048044923692941666,0.04966728016734123,-75.31529998779297
62800,0.012517753057181835,-0.047913044691085815,0.049521248787641525,-75.35819244384766
63000,0.01244510617107153,-0.04778033867478371,0.049374498426914215,-75.40082550048828
63200,0.012372752651572227,-0.04764699190855026,0.049227237701416016,-75.44319915771484
63400,0.0123017318546772,-0.04751717671751976,0.04908375069499016,-75.4853515625
63600,0.012230922468006611,-0.04738665744662285,0.04893966391682625,-75.52731323242188
63800,0.012161807157099247,-0.047260452061891556,0.048800207674503326,-75.56885528564453
64000,0.012091721408069134,-0.047129075974226,0.048655521124601364,-75.6102294921875
64200,0.012022777460515499,-0.04700067266821861,0.048514023423194885,-75.65140533447266
64400,0.011954753659665585,-0.0468737855553627,0.048374250531196594,-75.69222259521484
64600,0.011887023225426674,-0.04674664884805679,0.048234328627586365,-75.73284912109375
64800,0.011819330044090748,-0.04661843925714493,0.04809340462088585,-75.77336883544922
65000,0.011751978658139706,-0.04648943245410919,0.04795181378722191,-75.8134994506836
65200,0.011686115525662899,-0.0463646724820137,0.04781472682952881,-75.85337829589844
65400,0.011620611883699894,-0.0462401807308197,0.04767801612615585,-75.89313507080078
65600,0.011556089855730534,-0.04611780494451523,0.047543615102767944,-75.93260955810547
65800,0.011490505188703537,-0.04598957672715187,0.047403302043676376,-75.9718246459961
66000,0.011426735669374466,-0.04586738348007202,0.0472693033516407,-76.01091766357422
66200,0.011363865807652473,-0.045746807008981705,0.04713711515069008,-76.04963684082031
66400,0.011300859972834587,-0.04562472924590111,0.04700346291065216,-76.08830261230469
66600,0.011239212937653065,-0.04550588130950928,0.046873290091753006,-76.12651824951172
66800,0.01117703691124916,-0.04538404196500778,0.046740103513002396,-76.1646957397461
67000,0.011115839704871178,-0.045264922082424164,0.04660981521010399,-76.2027359008789
67200,0.011055270209908485,-0.04514649510383606,0.04648037254810333,-76.24042510986328
67400,0.010994838550686836,-0.0450274832546711,0.04635041207075119,-76.27799224853516
67600,0.010934973135590553,-0.04490933567285538,0.04622144624590874,-76.31533813476562
67800,0.010875103063881397,-0.04478970542550087,0.04609105363488197,-76.35247039794922
68000,0.010816448368132114,-0.044673655182123184,0.045964453369379044,-76.38938903808594
68200,0.010757885873317719,-0.04455682262778282,0.04583713039755821,-76.42616271972656
68400,0.010699775069952011,-0.04443999007344246,0.04570993036031723,-76.46260833740234
68600,0.010642275214195251,-0.04432452470064163,0.04558422416448593,-76.49889373779297
68800,0.010585138574242592,-0.044209547340869904,0.045459095388650894,-76.53508758544922
69000,0.010528424754738808,-0.044094935059547424,0.04533443599939346,-76.5710678100586
69200,0.0104716457426548,-0.043978251516819,0.045207761228084564,-76.60671997070312
69400,0.010416420176625252,-0.04386654123663902,0.04508630931377411,-76.64209747314453
69600,0.010361511260271072,-0.04375484213232994,0.044964954257011414,-76.67729949951172
69800,0.010306173004209995,-0.043640609830617905,0.04484105110168457,-76.71246337890625
70000,0.0102516645565629,-0.043528005480766296,0.044718943536281586,-76.74727630615234
70200,0.010198460891842842,-0.043419498950242996,0.044601134955883026,-76.78184509277344
70400,0.010145533829927444,-0.043311260640621185,0.044483672827482224,-76.81633758544922
70600,0.010093308053910732,-0.043204862624406815,0.04436817765235901,-76.85066223144531
70800,0.010042821988463402,-0.0431041419506073,0.044258616864681244,-76.8846435546875
71000,0.009990595281124115,-0.04299474507570267,0.04414023086428642,-76.91844177246094
71200,0.009938392788171768,-0.04288489371538162,0.04402142018079758,-76.9522705078125
71400,0.00988837331533432,-0.042782604694366455,0.04391048848628998,-76.9857177734375
71600,0.00983738899230957,-0.042675431817770004,0.04379459470510483,-77.01912689208984
71800,0.009786034002900124,-0.04256529361009598,0.043675746768713,-77.05232238769531
72000,0.009736411273479462,-0.04246179014444351,0.043563760817050934,-77.08543395996094
72200,0.009687448851764202,-0.0423598550260067,0.04345346987247467,-77.11831665039062
72400,0.009637409821152687,-0.0422515794634819,0.04333677142858505,-77.15088653564453
72600,0.009587676264345646,-0.042143888771533966,0.04322072118520737,-77.18342590332031
72800,0.009538894519209862,-0.042039282619953156,0.04310791194438934,-77.21580505371094
73000,0.009489837102591991,-0.041932396590709686,0.04299282655119896,-77.248046875
73200,0.009442241862416267,-0.04183068126440048,0.042883120477199554,-77.28005981445312
73400,0.009394188411533833,-0.0417262464761734,0.04277067258954048,-77.31205749511719
73600,0.009348166175186634,-0.0416288785636425,0.04266557842493057,-77.3436279296875
73800,0.009301342070102692,-0.0415276437997818,0.04255655035376549,-77.37527465820312
74000,0.009255294688045979,-0.041427694261074066,0.04244896396994591,-77.40643310546875
74200,0.009208761155605316,-0.04132562875747681,0.04233921319246292,-77.43777465820312
74400,0.009163009002804756,-0.04122527688741684,0.04223132133483887,-77.46875
74600,0.009117253124713898,-0.04112354665994644,0.04212208837270737,-77.49948120117188
74800,0.009072061628103256,-0.04102384299039841,0.04201497137546539,-77.53022766113281
75000,0.009027314372360706,-0.040924832224845886,0.04190864413976669,-77.56072998046875
75200,0.008982617408037186,-0.04082522913813591,0.041801754385232925,-77.59114837646484
75400,0.008939029648900032,-0.04072904586791992,0.04169845953583717,-77.6212387084961
75600,0.008894719183444977,-0.04062896966934204,0.04159121215343475,-77.65131378173828
75800,0.00885132048279047,-0.040532659739255905,0.041487857699394226,-77.68141174316406
76000,0.00880816113203764,-0.04043571650981903,0.04138394445180893,-77.7111587524414
76200,0.008765777572989464,-0.04034130647778511,0.04128267988562584,-77.7407455444336
76400,0.008722790516912937,-0.040243521332740784,0.041178006678819656,-77.77030181884766
76600,0.00868018064647913,-0.04014601930975914,0.041073694825172424,-77.7995834350586
76800,0.00863831676542759,-0.04005067050457001,0.040971655398607254,-77.82862091064453
77000,0.008597239851951599,-0.039958711713552475,0.04087310656905174,-77.85773468017578
77200,0.008556066080927849,-0.039864808320999146,0.04077265039086342,-77.88654327392578
77400,0.008515392430126667,-0.03977259621024132,0.04067396745085716,-77.9153060913086
77600,0.0084740174934268,-0.03967658430337906,0.0405714213848114,-77.94405364990234
77800,0.008433748036623001,-0.03958404064178467,0.04047251492738724,-77.9724349975586
78000,0.008394232019782066,-0.039493851363658905,0.040376074612140656,-78.0006103515625
78200,0.008354108780622482,-0.03940063714981079,0.04027656093239784,-78.02887725830078
78400,0.008314101956784725,-0.03930682688951492,0.04017649590969086,-78.05694580078125
78600,0.008274994790554047,-0.039216265082359314,0.040079809725284576,-78.08484649658203
78800,0.008235763758420944,-0.0391245000064373,0.03998192399740219,-78.11270141601562
79000,0.00819750688970089,-0.03903559222817421,0.03988704830408096,-78.14016723632812
79200,0.0081588514149189,-0.03894448280334473,0.039789944887161255,-78.16767883300781
79400,0.008120656944811344,-0.03885479271411896,0.03969433531165123,-78.1950912475586
79600,0.008082286454737186,-0.03876300901174545,0.039596643298864365,-78.22227478027344
79800,0.008044548332691193,-0.03867393359541893,0.039501748979091644,-78.24948120117188
80000,0.00800818670541048,-0.03859039396047592,0.03941255435347557,-78.27650451660156
80200,0.007971342653036118,-0.03850316256284714,0.039319660514593124,-78.3032455444336
80400,0.007934213615953922,-0.038414373993873596,0.03922519460320473,-78.33006286621094
80600,0.007897576317191124,-0.03832655027508736,0.039131782948970795,-78.3565902709961
80800,0.00786182563751936,-0.03824231028556824,0.03904206305742264,-78.38301849365234
81000,0.007825316861271858,-0.03815340995788574,0.038947634398937225,-78.4093017578125
81200,0.007789304479956627,-0.03806690871715546,0.0388556644320488,-78.43568420410156
81400,0.007753273006528616,-0.037978433072566986,0.03876176476478577,-78.46165466308594
81600,0.007718359585851431,-0.037894874811172485,0.03867291659116745,-78.48756408691406
81800,0.007683048956096172,-0.03780880942940712,0.03858153894543648,-78.51344299316406
82000,0.007648472208529711,-0.037724800407886505,0.03849233314394951,-78.53897094726562
82200,0.007613827008754015,-0.03764025494456291,0.03840259090065956,-78.56456756591797
82400,0.0075792474672198296,-0.03755570203065872,0.038312867283821106,-78.5901870727539
82600,0.007545130327343941,-0.0374719463288784,0.03822401911020279,-78.615478515625
82800,0.007510740775614977,-0.03738611191511154,0.03813309222459793,-78.64067840576172
83000,0.007476812694221735,-0.03730207681655884,0.03804402053356171,-78.66584777832031
83200,0.007443384733051062,-0.037219446152448654,0.03795643895864487,-78.69081115722656
83400,0.007409946992993355,-0.03713591396808624,0.03786797448992729,-78.71562957763672
83600,0.007376927882432938,-0.037053659558296204,0.03778085112571716,-78.74032592773438
83800,0.007344841957092285,-0.0369754433631897,0.03769788146018982,-78.76494598388672
84000,0.007311542984098196,-0.03689059987664223,0.037608180195093155,-78.78952026367188
84200,0.007279731798917055,-0.036812055855989456,0.03752494975924492,-78.81385040283203
84400,0.0072479248046875,-0.03673277795314789,0.037441011518239975,-78.83805847167969
84600,0.007216037716716528,-0.03665239363908768,0.03735598176717758,-78.8621826171875
84800,0.007184173446148634,-0.036571815609931946,0.037270765751600266,-78.88630676269531
85000,0.007152205798774958,-0.03648941591382027,0.03718375042080879,-78.9101791381836
85200,0.007121834438294172,-0.03641436994075775,0.03710426762700081,-78.93390655517578
85400,0.0070907948538661,-0.036335740238428116,0.03702114522457123,-78.95769500732422
85600,0.0070603834465146065,-0.03625928610563278,0.03694028779864311,-78.98127746582031
85800,0.0070288339629769325,-0.03617649897933006,0.03685300052165985,-79.00482177734375
86000,0.006999202538281679,-0.03610270470380783,0.03677491098642349,-79.02821350097656
86200,0.006969447247684002,-0.036027662456035614,0.036695580929517746,-79.05152893066406
86400,0.006939046084880829,-0.0359484925866127,0.03661207854747772,-79.07469940185547
86600,0.006908835377544165,-0.03586932644248009,0.03652862831950188,-79.09770202636719
86800,0.006879749242216349,-0.03579544648528099,0.0364505834877491,-79.1206283569336
87000,0.0068508624099195,-0.0357222855091095,0.036373287439346313,-79.14356231689453
87200,0.0068210456520318985,-0.03564315661787987,0.03628996014595032,-79.166259765625
87400,0.006791632156819105,-0.035565827041864395,0.03620848432183266,-79.18897247314453
87600,0.006762910168617964,-0.03549153730273247,0.03613013029098511,-79.21161651611328
87800,0.006734541151672602,-0.03541781008243561,0.0360523946583271,-79.23397064208984
88000,0.006706175860017538,-0.035343822091817856,0.0359744131565094,-79.25634002685547
88200,0.006678136996924877,-0.035271190106868744,0.03589783236384392,-79.27870178222656
88400,0.006649829912930727,-0.035196080803871155,0.03581877425312996,-79.30084228515625
88600,0.006622068118304014,-0.03512297943234444,0.035741791129112244,-79.32281494140625
88800,0.006593997124582529,-0.035048097372055054,0.03566300496459007,-79.34484100341797
89000,0.0065669589675962925,-0.034977566450834274,0.035588692873716354,-79.36662292480469
89200,0.006539475172758102,-0.03490424156188965,0.0355115570127964,-79.38837432861328
89400,0.006511969026178122,-0.03483050689101219,0.035434022545814514,-79.41014099121094
89600,0.006484778132289648,-0.03475793078541756,0.03535769134759903,-79.43183898925781
89800,0.006458227522671223,-0.03468744084239006,0.03528352826833725,-79.4532241821289
90000,0.0064314124174416065,-0.03461542725563049,0.035207826644182205,-79.47467803955078
90200,0.006405550055205822,-0.034547723829746246,0.03513653948903084,-79.49597930908203
90400,0.006378555204719305,-0.034473203122615814,0.03505834937095642,-79.51715087890625
90600,0.006351836491376162,-0.034399863332509995,0.0349813736975193,-79.538330078125
90800,0.00632593734189868,-0.034330207854509354,0.034908175468444824,-79.55937194824219
91000,0.006299849133938551,-0.034259021282196045,0.03483344241976738,-79.5803451538086
91200,0.006274443585425615,-0.03419052064418793,0.03476147726178169,-79.60111236572266
91400,0.006248691119253635,-0.03411980718374252,0.03468727692961693,-79.62187194824219
91600,0.006223147269338369,-0.03404995799064636,0.03461397439241409,-79.64263153076172
91800,0.006198401562869549,-0.033983588218688965,0.034544240683317184,-79.66321563720703
92000,0.006173270754516125,-0.03391430899500847,0.034471575170755386,-79.68364715576172
92200,0.006148057524114847,-0.03384454548358917,0.03439842537045479,-79.70415496826172
92400,0.006122920196503401,-0.03377392515540123,0.03432445228099823,-79.72437286376953
92600,0.006098313257098198,-0.033705923706293106,0.034253157675266266,-79.74457550048828
92800,0.006073769647628069,-0.0336378775537014,0.034181829541921616,-79.76475524902344
93000,0.00604948028922081,-0.03357086703181267,0.034111570566892624,-79.78490447998047
93200,0.006025074981153011,-0.033502016216516495,0.034039486199617386,-79.80477905273438
93400,0.0060007646679878235,-0.03343389183282852,0.03396813943982124,-79.82479858398438
93600,0.005977338645607233,-0.03336959704756737,0.03390071913599968,-79.84457397460938
93800,0.005953877232968807,-0.03330504521727562,0.03383304178714752,-79.86441040039062
94000,0.005930567625910044,-0.03323948755860329,0.03376440703868866,-79.8837661743164
94200,0.0059070223942399025,-0.03317342326045036,0.03369523584842682,-79.90345001220703
94400,0.00588354654610157,-0.03310663253068924,0.03362536430358887,-79.92288208007812
94600,0.0058600720949471,-0.03303910791873932,0.03355477750301361,-79.94216918945312
94800,0.005837174132466316,-0.032974664121866226,0.03348733112215996,-79.96149444580078
95000,0.0058137197047472,-0.03290693089365959,0.03341654688119888,-79.98084259033203
95200,0.005791218485683203,-0.03284410759806633,0.03335076570510864,-80.00013732910156
95400,0.0057686613872647285,-0.03277955204248428,0.03328327462077141,-80.01907348632812
95600,0.005746256560087204,-0.032715898007154465,0.03321670740842819,-80.03811645507812
95800,0.005723307374864817,-0.03264841064810753,0.033146265894174576,-80.05699920654297
96000,0.00570105854421854,-0.03258456662297249,0.033079542219638824,-80.07586669921875
96200,0.005678934510797262,-0.03252086415886879,0.03301297873258591,-80.09463500976562
96400,0.0056565008126199245,-0.03245461732149124,0.03294386342167854,-80.11325073242188
96600,0.005635654553771019,-0.032396916300058365,0.03288344293832779,-80.13176727294922
96800,0.005613880231976509,-0.03233430162072182,0.0328180231153965,-80.15048217773438
97000,0.005593220703303814,-0.0322766937315464,0.03275773301720619,-80.16885375976562
97200,0.005571745336055756,-0.03221459314227104,0.03269287571310997,-80.1873550415039
97400,0.005549871828407049,-0.03214934468269348,0.03262485936284065,-80.20568084716797
97600,0.005528504028916359,-0.03208599239587784,0.03255879506468773,-80.22377014160156
97800,0.005507423542439938,-0.032024309039115906,0.0324944332242012,-80.24192810058594
98000,0.005486807785928249,-0.03196468949317932,0.032432183623313904,-80.25997161865234
98200,0.005466049537062645,-0.03190409019589424,0.03236894682049751,-80.27803802490234
98400,0.005445132497698069,-0.03184244781732559,0.03230465576052666,-80.296142578125
98600,0.00542433001101017,-0.03178003430366516,0.0322396345436573,-80.31388854980469
98800,0.005404502619057894,-0.0317232646048069,0.032180335372686386,-80.33168029785156
99000,0.005383904092013836,-0.03166172280907631,0.03211621195077896,-80.3494644165039
99200,0.00536317890509963,-0.03159867599606514,0.032050587236881256,-80.36709594726562
99400,0.00534317921847105,-0.031539466232061386,0.03198886290192604,-80.38467407226562
99600,0.005324151366949081,-0.03148539736866951,0.03193237632513046,-80.4021224975586
99800,0.005303673911839724,-0.03142225369811058,0.031866706907749176,-80.41949462890625
100000,0.005283788312226534,-0.03136281296610832,0.03180478885769844,-80.43700408935547
100200,0.005263573490083218,-0.03130023553967476,0.031739722937345505,-80.4542236328125
100400,0.005244400352239609,-0.031243719160556793,0.03168081119656563,-80.47146606445312
100600,0.005224938504397869,-0.03118463233113289,0.03161931782960892,-80.48851776123047
100800,0.005205269902944565,-0.031124843284487724,0.031557101756334305,-80.50580596923828
101000,0.005186612717807293,-0.031070003286004066,0.03149993717670441,-80.52281951904297
101200,0.005166920367628336,-0.031008753925561905,0.03143628314137459,-80.53984069824219
101400,0.005148168653249741,-0.030952392145991325,0.031377606093883514,-80.55670166015625
101600,0.005128974094986916,-0.03089281916618347,0.031315695494413376,-80.57345581054688
101800,0.005110315978527069,-0.0308365598320961,0.03125714138150215,-80.5903091430664
102000,0.00509145250543952,-0.030778631567955017,0.03119690530002117,-80.60708618164062
102200,0.00507318414747715,-0.030723169445991516,0.031139209866523743,-80.62359619140625
102400,0.005054966080933809,-0.030668577179312706,0.031082380563020706,-80.64034271240234
102600,0.005036387592554092,-0.03061133809387684,0.03102288208901882,-80.6570053100586
102800,0.005017908290028572,-0.03055403009057045,0.030963335186243057,-80.67352294921875
103000,0.004999557975679636,-0.03049742616713047,0.030904507264494896,-80.6900863647461
103200,0.004981314763426781,-0.03043973818421364,0.030844630673527718,-80.70619201660156
103400,0.004962772596627474,-0.030381763353943825,0.030784422531723976,-80.72283172607422
103600,0.004944704007357359,-0.030325450003147125,0.030725931748747826,-80.73915100097656
103800,0.004927110858261585,-0.030270323157310486,0.030668696388602257,-80.75501251220703
104000,0.004909406416118145,-0.030215606093406677,0.03061184659600258,-80.77127838134766
104200,0.004892410710453987,-0.030163997784256935,0.030558181926608086,-80.7872085571289
104400,0.004874691367149353,-0.030108856037259102,0.03050091676414013,-80.80347442626953
104600,0.004857699386775494,-0.030056815594434738,0.03044682927429676,-80.81939697265625
104800,0.004839885514229536,-0.029999930411577225,0.03038783185184002,-80.83543395996094
105000,0.004822647199034691,-0.029946375638246536,0.030332215130329132,-80.85147094726562
105200,0.004805762320756912,-0.029893551021814346,0.030277380719780922,-80.86712646484375
105400,0.004788244143128395,-0.02983705699443817,0.0302188228815794,-80.88291931152344
105600,0.0047711520455777645,-0.029782038182020187,0.030161792412400246,-80.8984146118164
105800,0.0047543966211378574,-0.029729442670941353,0.03010720945894718,-80.9140625
106000,0.004737799987196922,-0.02967764250934124,0.03005344048142433,-80.9297103881836
106200,0.004721049219369888,-0.02962292917072773,0.02999677136540413,-80.94483184814453
106400,0.004704475402832031,-0.029571358114480972,0.029943233355879784,-80.96062469482422
106600,0.004687953274697065,-0.029518678784370422,0.029888616874814034,-80.97603607177734
106800,0.004671615548431873,-0.029467033222317696,0.02983504720032215,-80.99146270751953
107000,0.004655329044908285,-0.029414696618914604,0.029780806973576546,-81.00665283203125
107200,0.0046391841024160385,-0.029362911358475685,0.029727138578891754,-81.02177429199219
107400,0.004623156972229481,-0.029311858117580414,0.029674209654331207,-81.03695678710938
107600,0.00460669444873929,-0.029257237911224365,0.029617691412568092,-81.05195617675781
107800,0.004590943921357393,-0.029207779094576836,0.029566386714577675,-81.06719970703125
108000,0.004575126338750124,-0.02915668673813343,0.02951345592737198,-81.08213806152344
108200,0.004559273365885019,-0.029105545952916145,0.029460476711392403,-81.09717559814453
108400,0.004543345421552658,-0.029053037986159325,0.029406139627099037,-81.11199951171875
108600,0.004527822136878967,-0.029002372175455093,0.029353683814406395,-81.12666320800781
108800,0.00451230350881815,-0.028952667489647865,0.02930218167603016,-81.14165496826172
109000,0.004496833309531212,-0.02890184335410595,0.029249582439661026,-81.15626525878906
109200,0.004481466952711344,-0.028850922361016273,0.029196904972195625,-81.17069244384766
109400,0.0044661941938102245,-0.02880186401307583,0.029146084561944008,-81.18556213378906
109600,0.004450940061360598,-0.02875165082514286,0.02909412793815136,-81.20008850097656
109800,0.004435580223798752,-0.028700627386569977,0.029041357338428497,-81.21463775634766
110000,0.004420406185090542,-0.02865092270076275,0.028989916667342186,-81.2292709350586
110200,0.004405769519507885,-0.02860329858958721,0.02894061990082264,-81.2435302734375
110400,0.004390408750623465,-0.028551233932375908,0.0288868248462677,-81.25792694091797
110600,0.00437572505325079,-0.028503308072686195,0.02883722446858883,-81.27229309082031
110800,0.004361103754490614,-0.028454048559069633,0.028786318376660347,-81.28617858886719
111000,0.004346154630184174,-0.028404027223587036,0.028734609484672546,-81.30052947998047
111200,0.004331539385020733,-0.028355827555060387,0.02868475578725338,-81.31482696533203
111400,0.004316884092986584,-0.028306663036346436,0.02863394282758236,-81.3289566040039
111600,0.004302380606532097,-0.02825768291950226,0.028583336621522903,-81.3428955078125
111800,0.00428855512291193,-0.028213225305080414,0.02853730507194996,-81.3569107055664
112000,0.0042741429060697556,-0.028164690360426903,0.028487155213952065,-81.37089538574219
112200,0.004259695298969746,-0.028115620836615562,0.02843647450208664,-81.38483428955078
112400,0.004245458636432886,-0.028067572042346,0.028386838734149933,-81.39871978759766
112600,0.004231498576700687,-0.02802085317671299,0.028338557109236717,-81.41250610351562
112800,0.004217558540403843,-0.02797415852546692,0.02829030342400074,-81.42630004882812
113000,0.004203724674880505,-0.027927273884415627,0.028241880238056183,-81.43986511230469
113200,0.004189725965261459,-0.027879884466528893,0.02819293923676014,-81.45367431640625
113400,0.004175988491624594,-0.027834057807922363,0.028145579621195793,-81.46746063232422
113600,0.0041620926931500435,-0.02778540924191475,0.028095407411456108,-81.48076629638672
113800,0.004148413427174091,-0.027739057317376137,0.02804754301905632,-81.49436950683594
114000,0.004135187715291977,-0.027694588527083397,0.028001608327031136,-81.50767517089844
114200,0.004121700301766396,-0.0276490468531847,0.027954576537013054,-81.521240234375
114400,0.004107841290533543,-0.027600236237049103,0.02790425345301628,-81.53459930419922
114600,0.004094432573765516,-0.027554092928767204,0.02785664238035679,-81.54791259765625
114800,0.004081106744706631,-0.02750837430357933,0.02780945971608162,-81.56121826171875
115000,0.004067402333021164,-0.027459876611828804,0.027759475633502007,-81.57450866699219
115200,0.004054312128573656,-0.027414800599217415,0.027712970972061157,-81.58763122558594
115400,0.004041110631078482,-0.027368642389774323,0.027665378525853157,-81.60069274902344
115600,0.004028111696243286,-0.027324100956320763,0.027619415894150734,-81.61386108398438
115800,0.004015245474874973,-0.0272798053920269,0.02757371962070465,-81.62689971923828
116000,0.0040020933374762535,-0.027234291657805443,0.027526775375008583,-81.64018249511719
116200,0.003989528398960829,-0.027190444990992546,0.027481568977236748,-81.6528091430664
116400,0.0039765196852386,-0.02714448794722557,0.02743421122431755,-81.66575622558594
116600,0.003963995724916458,-0.0271013006567955,0.027389664202928543,-81.67858123779297
116800,0.00395123241469264,-0.0270567424595356,0.02734372951090336,-81.6915283203125
117000,0.003938669804483652,-0.027013223618268967,0.027298850938677788,-81.70442962646484
117200,0.0039259870536625385,-0.02696823514997959,0.02725250832736492,-81.7171630859375
117400,0.003913329914212227,-0.026923229917883873,0.027206147089600563,-81.72988891601562
117600,0.0039007277227938175,-0.02687816135585308,0.027159733697772026,-81.74251556396484
117800,0.003888523206114769,-0.026836056262254715,0.027116315439343452,-81.75526428222656
118000,0.0038764632772654295,-0.026793820783495903,0.027072785422205925,-81.7677001953125
118200,0.0038641078863292933,-0.02675000950694084,0.027027657255530357,-81.78033447265625
118400,0.0038517231587320566,-0.026705097407102585,0.02698143944144249,-81.79271697998047
118600,0.0038395647425204515,-0.026662100106477737,0.026937147602438927,-81.80525970458984
118800,0.003827344160526991,-0.026618285104632378,0.02689203806221485,-81.8177261352539
119000,0.003815937088802457,-0.026579033583402634,0.026851562783122063,-81.82990264892578
119200,0.0038036846090108156,-0.02653486281633377,0.026806099340319633,-81.8424072265625
119400,0.0037918162997812033,-0.026492537930607796,0.026762519031763077,-81.85469818115234
119600,0.003780124941840768,-0.026451000943779945,0.026719747111201286,-81.86689758300781
119800,0.0037683795671910048,-0.026409244164824486,0.02667674608528614,-81.87918090820312
120000,0.003756315214559436,-0.02636485919356346,0.026631103828549385,-81.89139556884766
120200,0.0037447235081344843,-0.026322828605771065,0.02658785879611969,-81.9033432006836
120400,0.003733012592419982,-0.026280296966433525,0.026544103398919106,-81.91544342041016
120600,0.003721603425219655,-0.026239752769470215,0.02650235779583454,-81.92753601074219
120800,0.0037100317422300577,-0.026197854429483414,0.02645924873650074,-81.93960571289062
121000,0.003698346670717001,-0.0261540487408638,0.026414239779114723,-81.95137023925781
121200,0.0036868713796138763,-0.02611304633319378,0.0263720341026783,-81.96358489990234
121400,0.003675659652799368,-0.026072673499584198,0.02633048966526985,-81.9754638671875
121600,0.0036644120700657368,-0.026031849905848503,0.02628849633038044,-81.98731231689453
121800,0.0036532224621623755,-0.025990856811404228,0.026246346533298492,-81.9990234375
122000,0.0036421718541532755,-0.025950962677598,0.02620530314743519,-82.01081848144531
122200,0.0036312092561274767,-0.025912078097462654,0.026165271177887917,-82.02275848388672
122400,0.0036204480566084385,-0.025873104110360146,0.02612518146634102,-82.03426361083984
122600,0.0036094000097364187,-0.025832820683717728,0.02608375810086727,-82.04603576660156
122800,0.0035983070265501738,-0.025791645050048828,0.026041442528367043,-82.05767059326172
123000,0.003587390063330531,-0.025751691311597824,0.026000365614891052,-82.06932830810547
123200,0.0035766158252954483,-0.02571215108036995,0.025959717109799385,-82.08084869384766
123400,0.003565689316019416,-0.02567078359425068,0.025917239487171173,-82.09217071533203
123600,0.003554991679266095,-0.025631820783019066,0.025877175852656364,-82.103759765625
123800,0.0035443922970443964,-0.025592681020498276,0.025836952030658722,-82.11511993408203
124000,0.0035335577558726072,-0.025551462545990944,0.025794634595513344,-82.12639617919922
124200,0.003523116232827306,-0.025513779371976852,0.025755876675248146,-82.13792419433594
124400,0.0035124642308801413,-0.025473790243268013,0.025714809074997902,-82.14924621582031
124600,0.0035018862690776587,-0.02543453313410282,0.025674475356936455,-82.1606674194336
124800,0.003491377690806985,-0.025394657626748085,0.025633540004491806,-82.1717758178711
