frecuencia,X,Y,R,T
200,0.2020140290260315,-0.0025952430441975594,0.2020307034254074,-0.7360296845436096
400,0.20188045501708984,-0.005411853082478046,0.2019529789686203,-1.535571575164795
600,0.20168150961399078,-0.008189361542463303,0.20184771716594696,-2.325242280960083
800,0.20139740407466888,-0.010941685177385807,0.20169441401958466,-3.109755754470825
1000,0.20105889439582825,-0.013670960441231728,0.20152314007282257,-3.8898284435272217
1200,0.20062290132045746,-0.016383454203605652,0.20129074156284332,-4.668581008911133
1400,0.20011533796787262,-0.01907145231962204,0.20102205872535706,-5.443976402282715
1600,0.1995568573474884,-0.02173839509487152,0.2007373869419098,-6.216907978057861
1800,0.19893376529216766,-0.024380020797252655,0.20042212307453156,-6.986955165863037
2000,0.19822970032691956,-0.02699178084731102,0.2000589221715927,-7.753946304321289
2200,0.19746847450733185,-0.029575787484645844,0.19967103004455566,-8.518141746520996
2400,0.1966390460729599,-0.03212583437561989,0.19924603402614594,-9.278703689575195
2600,0.1957356035709381,-0.03464047238230705,0.1987772285938263,-10.036050796508789
2800,0.19477646052837372,-0.037119269371032715,0.1982818990945816,-10.789689064025879
3000,0.19375398755073547,-0.039556119590997696,0.19775058329105377,-11.53873348236084
3200,0.1926778107881546,-0.041956450790166855,0.19719301164150238,-12.284640312194824
3400,0.19155435264110565,-0.04431138560175896,0.19661273062229156,-13.024867057800293
3600,0.19037778675556183,-0.04662308841943741,0.19600361585617065,-13.760771751403809
3800,0.18914078176021576,-0.04888661578297615,0.19535644352436066,-14.491901397705078
4000,0.1878547966480255,-0.05110380798578262,0.19468185305595398,-15.218400955200195
4200,0.1865348070859909,-0.05327516421675682,0.1939934939146042,-15.9395751953125
4400,0.1851462423801422,-0.05538839101791382,0.19325374066829681,-16.65509033203125
4600,0.18373577296733856,-0.05745779350399971,0.19251033663749695,-17.365488052368164
4800,0.1822962909936905,-0.05947637930512428,0.19175341725349426,-18.069543838500977
5000,0.1808120608329773,-0.06144184246659279,0.19096623361110687,-18.768301010131836
5200,0.17929063737392426,-0.06335132569074631,0.19015394151210785,-19.460569381713867
5400,0.17773452401161194,-0.06520762294530869,0.18931877613067627,-20.14718246459961
5600,0.1761593371629715,-0.06701207160949707,0.18847475945949554,-20.827116012573242
5800,0.17455020546913147,-0.06875867396593094,0.18760472536087036,-21.500431060791016
6000,0.17290900647640228,-0.07045076787471771,0.18671056628227234,-22.16815185546875
6200,0.17125336825847626,-0.07209207117557526,0.18580900132656097,-22.829498291015625
6400,0.16959303617477417,-0.0736815482378006,0.1849074512720108,-23.483062744140625
6600,0.1678970456123352,-0.07521211355924606,0.18397358059883118,-24.130741119384766
6800,0.1661674827337265,-0.0766790509223938,0.18300630152225494,-24.771263122558594
7000,0.16443976759910583,-0.07810129970312119,0.1820446401834488,-25.405559539794922
7200,0.1626933068037033,-0.07946470379829407,0.18106284737586975,-26.032386779785156
7400,0.1609567254781723,-0.08079125732183456,0.18009522557258606,-26.65408706665039
7600,0.1591980904340744,-0.0820544883608818,0.17910043895244598,-27.267658233642578
7800,0.15743163228034973,-0.08326777815818787,0.17809616029262543,-27.874982833862305
8000,0.15566328167915344,-0.08442952483892441,0.17708584666252136,-28.474767684936523
8200,0.15389332175254822,-0.08554386347532272,0.17607073485851288,-29.06813621520996
8400,0.1521259993314743,-0.08660729974508286,0.17505183815956116,-29.65341567993164
8600,0.15034119784832,-0.08761619031429291,0.1740088313817978,-30.23287582397461
8800,0.14858300983905792,-0.08859020471572876,0.17298883199691772,-30.804821014404297
9000,0.14680428802967072,-0.08950108289718628,0.17193585634231567,-31.369096755981445
9200,0.1450311839580536,-0.0903693363070488,0.17088200151920319,-31.927146911621094
9400,0.14327500760555267,-0.09120135009288788,0.16983938217163086,-32.47869110107422
9600,0.14152617752552032,-0.09199154376983643,0.16879604756832123,-33.02373123168945
9800,0.13977767527103424,-0.09273684024810791,0.16774360835552216,-33.56266784667969
10000,0.13803528249263763,-0.09343747049570084,0.16668622195720673,-34.09446716308594
10200,0.13631556928157806,-0.09410632401704788,0.16564399003982544,-34.6195068359375
10400,0.13460053503513336,-0.09472772479057312,0.16459237039089203,-35.13670349121094
10600,0.13289666175842285,-0.09531271457672119,0.16354215145111084,-35.647865295410156
10800,0.13119710981845856,-0.09585174173116684,0.16248148679733276,-36.151615142822266
11000,0.12952081859111786,-0.09636416286230087,0.16143634915351868,-36.649436950683594
11200,0.12786206603050232,-0.09684009850025177,0.16039547324180603,-37.1395378112793
11400,0.12620888650417328,-0.0972757413983345,0.1593463271856308,-37.62330627441406
11600,0.12456987053155899,-0.09767825156450272,0.15829938650131226,-38.10084915161133
11800,0.12294860184192657,-0.09805223345756531,0.15725965797901154,-38.57256317138672
12000,0.12134375423192978,-0.09839637577533722,0.15622469782829285,-39.03822708129883
12200,0.11975745111703873,-0.09871254861354828,0.15519669651985168,-39.49775314331055
12400,0.11817122250795364,-0.0989866703748703,0.15415187180042267,-39.951377868652344
12600,0.11662156134843826,-0.09924592077732086,0.1531350463628769,-40.39805603027344
12800,0.11507927626371384,-0.09947295486927032,0.15211215615272522,-40.839683532714844
13000,0.1135559007525444,-0.09967219084501266,0.15109428763389587,-41.27460861206055
13200,0.11205761879682541,-0.09985481202602386,0.1500929594039917,-41.70430374145508
13400,0.11056686192750931,-0.10000353306531906,0.1490829885005951,-42.12814712524414
13600,0.10909510403871536,-0.10012911260128021,0.14807964861392975,-42.54617691040039
13800,0.10764575749635696,-0.10023655742406845,0.14708833396434784,-42.958763122558594
14000,0.10621219873428345,-0.10031891614198685,0.14609898626804352,-43.36552810668945
14200,0.10480448603630066,-0.10038649290800095,0.14512556791305542,-43.766544342041016
14400,0.10340706259012222,-0.10042660683393478,0.1441475749015808,-44.16227722167969
14600,0.10202651470899582,-0.10044540464878082,0.14317363500595093,-44.552581787109375
14800,0.10066623985767365,-0.10044748336076736,0.14220896363258362,-44.93767166137695
15000,0.09932513535022736,-0.10043226927518845,0.14125198125839233,-45.31754684448242
15200,0.09799902886152267,-0.1003965511918068,0.14029709994792938,-45.692359924316406
15400,0.09669123589992523,-0.10034449398517609,0.13934923708438873,-46.06220245361328
15600,0.095407634973526,-0.10028257966041565,0.1384168118238449,-46.427024841308594
15800,0.0941421315073967,-0.1002054288983345,0.1374913454055786,-46.78694152832031
16000,0.09288948029279709,-0.10010804980993271,0.13656528294086456,-47.14199447631836
16200,0.09165102988481522,-0.09999331086874008,0.13564135134220123,-47.49250793457031
16400,0.09044010192155838,-0.09987617284059525,0.1347392350435257,-47.83845138549805
16600,0.08924634754657745,-0.09974551200866699,0.13384348154067993,-48.179710388183594
16800,0.08807329833507538,-0.09960395842790604,0.1329580843448639,-48.5157585144043
17000,0.08691169321537018,-0.09944433718919754,0.13207125663757324,-48.847408294677734
17200,0.08576855063438416,-0.09927479922771454,0.13119348883628845,-49.17459487915039
17400,0.08464188128709793,-0.099095918238163,0.1303236335515976,-49.49800109863281
17600,0.08353268355131149,-0.09890633821487427,0.12946109473705292,-49.81678009033203
17800,0.08243826031684875,-0.09870599955320358,0.12860381603240967,-50.1317024230957
18000,0.0813666433095932,-0.09850267320871353,0.12776270508766174,-50.442100524902344
18200,0.08029943704605103,-0.09827671200037003,0.12691064178943634,-50.748600006103516
18400,0.07925979793071747,-0.09805509448051453,0.12608298659324646,-51.050724029541016
18600,0.07823482155799866,-0.0978233590722084,0.1252601146697998,-51.34871292114258
18800,0.07722169160842896,-0.09758178144693375,0.12444031983613968,-51.6435432434082
19000,0.0762249082326889,-0.0973338931798935,0.12362897396087646,-51.93450164794922
19200,0.07525642961263657,-0.09709394723176956,0.12284447997808456,-52.221134185791016
19400,0.07429412007331848,-0.09683608263731003,0.1220526173710823,-52.50402069091797
19600,0.0733492523431778,-0.09657331556081772,0.12127043306827545,-52.78263854980469
19800,0.07241518795490265,-0.09630107134580612,0.12049005180597305,-53.05805206298828
20000,0.07149577140808105,-0.09602349996566772,0.11971698701381683,-53.329898834228516
20200,0.07059419900178909,-0.0957474559545517,0.11895845830440521,-53.59880447387695
20400,0.06969679892063141,-0.09545113146305084,0.11818867176771164,-53.86370849609375
20600,0.06881704926490784,-0.09515693038702011,0.11743349581956863,-54.12571716308594
20800,0.0679549053311348,-0.09486319869756699,0.116691455245018,-54.38421630859375
21000,0.06710846722126007,-0.0945686474442482,0.11596023291349411,-54.63945770263672
21200,0.06626986712217331,-0.09426447749137878,0.11522798240184784,-54.891990661621094
21400,0.06545138359069824,-0.09396490454673767,0.11451325565576553,-55.140804290771484
21600,0.06463926285505295,-0.09365144371986389,0.11379291117191315,-55.386131286621094
21800,0.06384120136499405,-0.093337282538414,0.11308204382658005,-55.628501892089844
22000,0.06305587291717529,-0.09302011132240295,0.11237786710262299,-55.8676872253418
22200,0.062285393476486206,-0.09270433336496353,0.11168511211872101,-56.10396957397461
22400,0.061522211879491806,-0.09238123893737793,0.11099223792552948,-56.33797073364258
22600,0.060772716999053955,-0.09205810725688934,0.11030874401330948,-56.5689582824707
22800,0.06003623083233833,-0.09173426032066345,0.10963358730077744,-56.79692840576172
23000,0.059312570840120316,-0.09140976518392563,0.1089666336774826,-57.021881103515625
23200,0.05859872326254845,-0.09108351916074753,0.10830520838499069,-57.244728088378906
23400,0.05789385363459587,-0.09075115621089935,0.10764511674642563,-57.464534759521484
23600,0.05720370635390282,-0.09042304754257202,0.10699809342622757,-57.68160629272461
23800,0.05652766302227974,-0.09009884297847748,0.10636343061923981,-57.895992279052734
24000,0.05585412681102753,-0.0897604301571846,0.10571952164173126,-58.10773468017578
24200,0.05519430339336395,-0.08942544460296631,0.10508719831705093,-58.31668472290039
24400,0.05454413965344429,-0.08908925205469131,0.10446031391620636,-58.52330017089844
24600,0.05390738695859909,-0.08875879645347595,0.10384666919708252,-58.727718353271484
24800,0.05327475816011429,-0.08841865509748459,0.10322818905115128,-58.929832458496094
25000,0.052657388150691986,-0.08808773756027222,0.1026267483830452,-59.12971115112305
25200,0.05204854533076286,-0.08775307238101959,0.10202771425247192,-59.32675552368164
25400,0.05144527927041054,-0.0874113067984581,0.10142659395933151,-59.5213737487793
25600,0.050857022404670715,-0.08707892149686813,0.10084232687950134,-59.713626861572266
25800,0.05027256906032562,-0.08673864603042603,0.10025429725646973,-59.90398025512695
26000,0.04970056563615799,-0.08640418201684952,0.099678635597229,-60.092044830322266
26200,0.049137089401483536,-0.08606818318367004,0.09910693764686584,-60.27756118774414
26400,0.04858291521668434,-0.08573521673679352,0.09854352474212646,-60.46139907836914
26600,0.04803622514009476,-0.0853995829820633,0.0979824885725975,-60.642765045166016
26800,0.04749918356537819,-0.08506668359041214,0.09742952883243561,-60.822059631347656
27000,0.04697103798389435,-0.08473615348339081,0.09688392281532288,-60.99946975708008
27200,0.04645084962248802,-0.0844074934720993,0.0963447317481041,-61.17527770996094
27400,0.04593396931886673,-0.08407088369131088,0.09580106288194656,-61.34904479980469
27600,0.04542962461709976,-0.08374443650245667,0.09527319669723511,-61.52107620239258
27800,0.044926710426807404,-0.08340729027986526,0.0947374477982521,-61.69120407104492
28000,0.04443105682730675,-0.08306997269392014,0.0942058339715004,-61.85931396484375
28200,0.0439479798078537,-0.0827428326010704,0.0936899185180664,-62.02546691894531
28400,0.04347343370318413,-0.0824190303683281,0.09318172931671143,-62.189762115478516
28600,0.04299701750278473,-0.08207947760820389,0.09265950322151184,-62.35236740112305
28800,0.04253800958395004,-0.08175944536924362,0.09216338396072388,-62.51282501220703
29000,0.0420801043510437,-0.08142921328544617,0.09165943413972855,-62.671470642089844
29200,0.04162966459989548,-0.08110301196575165,0.09116318821907043,-62.828853607177734
29400,0.041184086352586746,-0.08077315241098404,0.09066659957170486,-62.984169006347656
29600,0.040749941021203995,-0.08045363426208496,0.09018506109714508,-63.13767623901367
29800,0.04032202810049057,-0.08013541251420975,0.08970813453197479,-63.28965759277344
30000,0.039901524782180786,-0.07982203364372253,0.08923950046300888,-63.440391540527344
30200,0.03948286175727844,-0.07950139045715332,0.08876580744981766,-63.589569091796875
30400,0.03906853497028351,-0.07917825877666473,0.08829239755868912,-63.73710632324219
30600,0.03866126760840416,-0.07885918021202087,0.08782632648944855,-63.88326644897461
30800,0.03826130926609039,-0.0785425454378128,0.08736623823642731,-64.02737426757812
31000,0.03786652162671089,-0.07822662591934204,0.08690959960222244,-64.1701431274414
31200,0.0374799482524395,-0.0779172033071518,0.08646292239427567,-64.3113784790039
31400,0.03709433600306511,-0.07759963721036911,0.08600983768701553,-64.45116424560547
31600,0.03672274574637413,-0.07730130106210709,0.08558067679405212,-64.5894775390625
31800,0.036348599940538406,-0.07698806375265121,0.08513742685317993,-64.72645568847656
32000,0.0359794944524765,-0.07667558640241623,0.08469752222299576,-64.86199951171875
32200,0.035615455359220505,-0.07636471092700958,0.08426167070865631,-64.99628448486328
32400,0.03526119142770767,-0.07606523483991623,0.0838407501578331,-65.12919616699219
32600,0.034911129623651505,-0.07576493918895721,0.08342129737138748,-65.26058959960938
32800,0.034564632922410965,-0.07546313852071762,0.08300240337848663,-65.39063262939453
33000,0.03421851620078087,-0.07515421509742737,0.08257760852575302,-65.51971435546875
33200,0.0338842011988163,-0.07486188411712646,0.08217322826385498,-65.64739990234375
33400,0.033554334193468094,-0.07456959038972855,0.0817711353302002,-65.77351379394531
33600,0.033225610852241516,-0.07427188754081726,0.0813649445772171,-65.89859008789062
33800,0.03290168195962906,-0.07397518306970596,0.08096201717853546,-66.02210235595703
34000,0.03257882967591286,-0.07367291301488876,0.08055481314659119,-66.14454650878906
34200,0.03226654976606369,-0.0733863040804863,0.08016657084226608,-66.26582336425781
34400,0.03195727989077568,-0.07309907674789429,0.07977934181690216,-66.38612365722656
34600,0.031648050993680954,-0.07280430942773819,0.07938554883003235,-66.50540161132812
34800,0.03134918585419655,-0.07252577692270279,0.07901114225387573,-66.6236343383789
35000,0.031049510464072227,-0.0722365751862526,0.07862693816423416,-66.74047088623047
35200,0.030755193904042244,-0.07195188105106354,0.07824931293725967,-66.85614013671875
35400,0.030466828495264053,-0.07167378813028336,0.07788041979074478,-66.9708023071289
35600,0.03018002398312092,-0.07139123976230621,0.077508345246315,-67.0842056274414
35800,0.02989921346306801,-0.07111469656229019,0.07714442908763885,-67.19633483886719
36000,0.02961781434714794,-0.07082929462194443,0.07677242159843445,-67.30738067626953
36200,0.029342737048864365,-0.07055146992206573,0.07641011476516724,-67.41730499267578
36400,0.029074326157569885,-0.0702829509973526,0.0760592520236969,-67.52632141113281
36600,0.028805989772081375,-0.07000859826803207,0.07570329308509827,-67.63461303710938
36800,0.028540456667542458,-0.06973365694284439,0.0753481388092041,-67.74178314208984
37000,0.02828250639140606,-0.06947038322687149,0.0750068947672844,-67.84796905517578
37200,0.028024397790431976,-0.06919937580823898,0.07465869188308716,-67.95301055908203
37400,0.027770819142460823,-0.06893329322338104,0.07431700825691223,-68.05721282958984
37600,0.027519216760993004,-0.06866561621427536,0.07397481799125671,-68.16049194335938
37800,0.027271602302789688,-0.06840189546346664,0.07363803684711456,-68.26300048828125
38000,0.02702735923230648,-0.06813976168632507,0.0733041986823082,-68.36444854736328
38200,0.026786988601088524,-0.0678807869553566,0.07297495007514954,-68.46490478515625
38400,0.026548830792307854,-0.06762058287858963,0.07264560461044312,-68.56430053710938
38600,0.026314908638596535,-0.0673653781414032,0.07232266664505005,-68.66290283203125
38800,0.026084402576088905,-0.06711341440677643,0.07200421392917633,-68.76080322265625
39000,0.02585487812757492,-0.0668572336435318,0.0716823861002922,-68.85762786865234
39200,0.02562697045505047,-0.066599041223526,0.07135947048664093,-68.95352172851562
39400,0.025404324755072594,-0.06634900718927383,0.07104625552892685,-69.0486831665039
39600,0.02518305368721485,-0.0660964623093605,0.07073138654232025,-69.1429214477539
39800,0.024964921176433563,-0.0658462643623352,0.07042000442743301,-69.23629760742188
40000,0.02475041337311268,-0.06560114026069641,0.0701148509979248,-69.32919311523438
40200,0.024539010599255562,-0.06535816192626953,0.06981297582387924,-69.42112731933594
40400,0.024327052757143974,-0.06510765105485916,0.0695040374994278,-69.51211547851562
40600,0.02412017248570919,-0.06486644595861435,0.06920576840639114,-69.6026611328125
40800,0.023916058242321014,-0.06462673842906952,0.06891003251075745,-69.69226837158203
41000,0.02371407486498356,-0.06438829749822617,0.06861639767885208,-69.7813491821289
41200,0.023513885214924812,-0.06414823979139328,0.06832202523946762,-69.86930847167969
41400,0.023317599669098854,-0.06391400098800659,0.06803462654352188,-69.95662689208984
41600,0.0231232438236475,-0.0636802390217781,0.06774848699569702,-70.04328155517578
41800,0.02292940951883793,-0.06344210356473923,0.06745857000350952,-70.12899780273438
42000,0.022738805040717125,-0.06320709735155106,0.0671728327870369,-70.21375274658203
42200,0.022552449256181717,-0.06297940760850906,0.06689558178186417,-70.29792785644531
42400,0.022366996854543686,-0.06274927407503128,0.0666164681315422,-70.3813705444336
42600,0.02218419872224331,-0.06252244859933853,0.06634150445461273,-70.46430969238281
42800,0.022002940997481346,-0.06229490414261818,0.06606651842594147,-70.54645538330078
43000,0.021823223680257797,-0.062066979706287384,0.06579181551933289,-70.6279296875
43200,0.021647056564688683,-0.061844345182180405,0.0655234158039093,-70.70867919921875
43400,0.021473374217748642,-0.061623793095350266,0.06525793671607971,-70.78864288330078
43600,0.02130039408802986,-0.06140132248401642,0.06499099731445312,-70.86811065673828
43800,0.021129947155714035,-0.06118212267756462,0.06472809612751007,-70.94705963134766
44000,0.020960140973329544,-0.060960281640291214,0.0644630417227745,-71.02534484863281
44200,0.020793426781892776,-0.06074337661266327,0.06420376896858215,-71.10309600830078
44400,0.020627310499548912,-0.060523852705955505,0.0639423355460167,-71.18022155761719
44600,0.02046363800764084,-0.06030717119574547,0.06368449330329895,-71.25672149658203
44800,0.02030429244041443,-0.06009854003787041,0.06343578547239304,-71.33245849609375
45000,0.02014695107936859,-0.059892624616622925,0.06319040060043335,-71.40785217285156
45200,0.01998896896839142,-0.05968017131090164,0.06293871998786926,-71.48249816894531
45400,0.019832974299788475,-0.05946917086839676,0.0626891478896141,-71.55644226074219
45600,0.019678907468914986,-0.059260252863168716,0.062442269176244736,-71.6299057006836
45800,0.019527073949575424,-0.059054430574178696,0.06219913437962532,-71.70289611816406
46000,0.01937715895473957,-0.058849651366472244,0.061957694590091705,-71.77506256103516
46200,0.019228637218475342,-0.05864514037966728,0.06171703711152077,-71.8466567993164
46400,0.01908188872039318,-0.05844179913401604,0.0614781454205513,-71.91756439208984
46600,0.01893637888133526,-0.05823912099003792,0.061240360140800476,-71.98812103271484
46800,0.01879245974123478,-0.0580376498401165,0.06100430339574814,-72.05815887451172
47000,0.018650377169251442,-0.057838235050439835,0.06077086552977562,-72.127685546875
47200,0.018510380759835243,-0.057640887796878815,0.06054012104868889,-72.19646453857422
47400,0.018370995298027992,-0.05744228512048721,0.06030845269560814,-72.26485443115234
47600,0.018233979120850563,-0.057247065007686615,0.060080815106630325,-72.33260345458984
47800,0.01809755712747574,-0.057050276547670364,0.05985194444656372,-72.39986419677734
48000,0.01796341873705387,-0.056857459247112274,0.05962764099240303,-72.4666976928711
48200,0.017829883843660355,-0.05666319653391838,0.059402208775281906,-72.53306579589844
48400,0.017697928473353386,-0.056470371782779694,0.059178709983825684,-72.59889221191406
48600,0.017567230388522148,-0.05627817288041115,0.05895625799894333,-72.66423797607422
48800,0.017437290400266647,-0.05608533322811127,0.0587335005402565,-72.72919464111328
49000,0.01730874739587307,-0.055893465876579285,0.05851215496659279,-72.79360961914062
49200,0.0171830914914608,-0.05570770427584648,0.058297574520111084,-72.8575668334961
49400,0.017057472839951515,-0.05551891401410103,0.05808017775416374,-72.92109680175781
49600,0.016933992505073547,-0.05533335730433464,0.057866573333740234,-72.98400115966797
49800,0.016811955720186234,-0.05514967814087868,0.05765525996685028,-73.04655456542969
50000,0.016691777855157852,-0.05496860668063164,0.057447049766778946,-73.10855102539062
50200,0.016572652384638786,-0.054787956178188324,0.05723961070179939,-73.17010498046875
50400,0.01645462028682232,-0.05460755154490471,0.057032790035009384,-73.23113250732422
50600,0.016337769106030464,-0.05442795902490616,0.056827154010534286,-73.29168701171875
50800,0.01622251234948635,-0.054250866174697876,0.056624434888362885,-73.35187530517578
51000,0.016108261421322823,-0.05407353863120079,0.05642183497548103,-73.41143798828125
51200,0.015993637964129448,-0.05389254912734032,0.056215688586235046,-73.47073364257812
51400,0.015881679952144623,-0.05371818318963051,0.0560167022049427,-73.52977752685547
51600,0.015769682824611664,-0.05354088172316551,0.0558149516582489,-73.58842468261719
51800,0.015660054981708527,-0.05336812883615494,0.0556182935833931,-73.646484375
52000,0.015551510266959667,-0.05319570004940033,0.05542230233550072,-73.70396423339844
52200,0.015444193966686726,-0.053024984896183014,0.05522836372256279,-73.7611312866211
52400,0.015339112840592861,-0.05285931006073952,0.055039942264556885,-73.81792449951172
52600,0.015232848934829235,-0.05268695950508118,0.05484483391046524,-73.87435913085938
52800,0.01512955967336893,-0.052521925419569016,0.054657623171806335,-73.93032836914062
53000,0.01502545177936554,-0.05235135927796364,0.05446493253111839,-73.98590087890625
53200,0.01492296438664198,-0.052183929830789566,0.0542757548391819,-74.04112243652344
53400,0.014821453019976616,-0.052017539739608765,0.054087892174720764,-74.09605407714844
53600,0.014720221050083637,-0.051849719136953354,0.053898777812719345,-74.1506576538086
53800,0.014621501788496971,-0.05168762803077698,0.05371591076254845,-74.2047348022461
54000,0.01452320721000433,-0.05152470991015434,0.05353241413831711,-74.25851440429688
54200,0.014426100999116898,-0.05136384069919586,0.053351253271102905,-74.31201171875
54400,0.014328984543681145,-0.051200080662965775,0.05316736176609993,-74.36505126953125
54600,0.014232740737497807,-0.05103657767176628,0.05298399180173874,-74.4176254272461
54800,0.014139612205326557,-0.05088211968541145,0.052810218185186386,-74.46994018554688
55000,0.014045813120901585,-0.05072227492928505,0.052631113678216934,-74.52173614501953
55200,0.013953646644949913,-0.05056614801287651,0.052456069737672806,-74.57323455810547
55400,0.01386130228638649,-0.05040697008371353,0.05227809026837349,-74.6243896484375
55600,0.013772068545222282,-0.05025668814778328,0.05210954323410988,-74.67517852783203
55800,0.0136827128008008,-0.0501038022339344,0.0519385002553463,-74.72566986083984
56000,0.013594034127891064,-0.049951326102018356,0.051768068224191666,-74.7759017944336
56200,0.01350544486194849,-0.04979674145579338,0.05159566178917885,-74.82574462890625
56400,0.013418219052255154,-0.049644820392131805,0.051426228135824203,-74.87523651123047
56600,0.013331535272300243,-0.04949256405234337,0.05125664547085762,-74.92436218261719
56800,0.013245886191725731,-0.049342282116413116,0.05108927935361862,-74.97328186035156
57000,0.013161835260689259,-0.04919496923685074,0.050925228744745255,-75.02163696289062
57200,0.013077673502266407,-0.04904577136039734,0.050759367644786835,-75.06987762451172
57400,0.012994027696549892,-0.048895783722400665,0.05059290677309036,-75.1176528930664
57600,0.012912391684949398,-0.04875148832798004,0.05043250694870949,-75.1651840209961
57800,0.012830018065869808,-0.04860273003578186,0.05026762932538986,-75.21253204345703
58000,0.012748654000461102,-0.048455748707056046,0.050104767084121704,-75.25959014892578
58200,0.012668370269238949,-0.04831059277057648,0.04994397610425949,-75.3062973022461
58400,0.012590286321938038,-0.04817179590463638,0.04978993162512779,-75.35269927978516
58600,0.012510462664067745,-0.04802517220377922,0.04962790384888649,-75.39905548095703
58800,0.012433258816599846,-0.047884244471788406,0.049472082406282425,-75.4444351196289
59000,0.01235551293939352,-0.04774055629968643,0.04931347817182541,-75.48990631103516
59200,0.012278166599571705,-0.04759715497493744,0.04915529116988182,-75.53531646728516
59400,0.012202032841742039,-0.0474557988345623,0.04899941012263298,-75.5802230834961
59600,0.012127609923481941,-0.04731911048293114,0.048848509788513184,-75.62483978271484
59800,0.012053295969963074,-0.047180917114019394,0.048696208745241165,-75.66917419433594
60000,0.011979570612311363,-0.04704287275671959,0.048544224351644516,-75.7131576538086
60200,0.011907246895134449,-0.0469086691737175,0.048396337777376175,-75.75691986083984
60400,0.011834189295768738,-0.0467701181769371,0.04824409261345863,-75.800537109375
60600,0.01176296453922987,-0.04663684219121933,0.04809742793440819,-75.84384155273438
60800,0.011691993102431297,-0.04650259017944336,0.047949906438589096,-75.8868408203125
61000,0.011622201651334763,-0.04637089744210243,0.04780518636107445,-75.92947387695312
61200,0.011551901698112488,-0.04623568430542946,0.04765694960951805,-75.97193908691406
61400,0.011482947506010532,-0.04610411822795868,0.047512609511613846,-76.01414489746094
61600,0.011414402164518833,-0.04597223550081253,0.04736808314919472,-76.0560531616211
61800,0.011346671730279922,-0.045841820538043976,0.04722519963979721,-76.0976791381836
62000,0.011279325000941753,-0.04571123421192169,0.04708227142691612,-76.13905334472656
62200,0.011101522482931614,-0.04529617354273796,0.046636760234832764,-76.22896575927734
62400,0.011145597323775291,-0.04544873535633087,0.046795427799224854,-76.22102355957031
62600,0.011081104166805744,-0.04532451927661896,0.0466594360768795,-76.26160430908203
62800,0.011015667580068111,-0.045195333659648895,0.046518418937921524,-76.30210876464844
63000,0.010951748117804527,-0.04507024586200714,0.04638176038861275,-76.34223175048828
63200,0.010886560194194317,-0.04493899270892143,0.046238839626312256,-76.38232421875
63400,0.01082389522343874,-0.04481612145900726,0.04610468074679375,-76.42205810546875
63600,0.01075977087020874,-0.04468592256307602,0.045963071286678314,-76.46165466308594
63800,0.010696634650230408,-0.04455801844596863,0.04582396149635315,-76.50096130371094
64000,0.010635068640112877,-0.0444348081946373,0.045689791440963745,-76.53997039794922
64200,0.010574652813374996,-0.04431523010134697,0.04555944353342056,-76.57886505126953
64400,0.010514449328184128,-0.044194482266902924,0.04542803019285202,-76.61737060546875
64600,0.010454436764121056,-0.044072847813367844,0.04529581964015961,-76.65560913085938
64800,0.010395262390375137,-0.04395322501659393,0.0451657809317112,-76.6936264038086
65000,0.010335990227758884,-0.04383173584938049,0.04503392055630684,-76.73143005371094
65200,0.010278141126036644,-0.04371466487646103,0.04490670561790466,-76.76899719238281
65400,0.010219951160252094,-0.043594516813755035,0.04477643594145775,-76.80628967285156
65600,0.0101621737703681,-0.04347452521324158,0.044646430760622025,-76.84332275390625
65800,0.010105352848768234,-0.04335767775774002,0.04451972618699074,-76.88031005859375
66000,0.010048664174973965,-0.04323950409889221,0.044391781091690063,-76.91693878173828
66200,0.009992701932787895,-0.043123163282871246,0.04426580294966698,-76.95341491699219
66400,0.009936518967151642,-0.04300525411963463,0.044138263911008835,-76.98990631103516
66600,0.00988179724663496,-0.0428919792175293,0.04401558265089989,-77.02611541748047
66800,0.009826263412833214,-0.04277353733778,0.04388770833611488,-77.06205749511719
67000,0.00977180153131485,-0.04265844449400902,0.043763354420661926,-77.09780883789062
67200,0.00971745140850544,-0.0425422266125679,0.043637942522764206,-77.13330078125
67400,0.00966445542871952,-0.04243039712309837,0.04351712763309479,-77.16853332519531
67600,0.009612259455025196,-0.042320672422647476,0.04339855909347534,-77.20355224609375
67800,0.009559391997754574,-0.04220692440867424,0.04327593743801117,-77.23844909667969
68000,0.009507105685770512,-0.04209424555301666,0.04315449669957161,-77.27310943603516
68200,0.00945515837520361,-0.041982222348451614,0.04303378611803055,-77.30770874023438
68400,0.009403830394148827,-0.04187149181962013,0.0429144948720932,-77.34208679199219
68600,0.009353339672088623,-0.04176289588212967,0.042797479778528214,-77.37617492675781
68800,0.009302115999162197,-0.041650354862213135,0.042676471173763275,-77.41027069091797
69000,0.009253502823412418,-0.041547741740942,0.042565736919641495,-77.44402313232422
69200,0.00920417532324791,-0.04144074767827988,0.042450591921806335,-77.47761535644531
69400,0.009154223836958408,-0.041329506784677505,0.04233117029070854,-77.51097106933594
69600,0.009105181321501732,-0.04122130572795868,0.042214930057525635,-77.54420471191406
69800,0.009056872688233852,-0.0411154180765152,0.04210112616419792,-77.57730865478516
70000,0.00900847464799881,-0.041007399559020996,0.04198522865772247,-77.610107421875
70200,0.00896130409091711,-0.04090398922562599,0.04187411069869995,-77.64279174804688
70400,0.008913110941648483,-0.040794868022203445,0.041757211089134216,-77.67533874511719
70600,0.008865758776664734,-0.04068836197257042,0.04164305701851845,-77.70771026611328
70800,0.008820518851280212,-0.040589965879917145,0.041537292301654816,-77.73978424072266
71000,0.008774694986641407,-0.04048766940832138,0.0414276085793972,-77.77167510986328
71200,0.008728940971195698,-0.04038482904434204,0.0413174144923687,-77.80347442626953
71400,0.008683900348842144,-0.04028397426009178,0.041209325194358826,-77.83505249023438
71600,0.008639237843453884,-0.04018355533480644,0.041101761162281036,-77.86642456054688
71800,0.008594285696744919,-0.04008102044463158,0.04099206626415253,-77.89772033691406
72000,0.008549979887902737,-0.039980147033929825,0.04088415950536728,-77.92880249023438
72200,0.008506020531058311,-0.03987996652722359,0.04077700525522232,-77.95976257324219
72400,0.008462099358439445,-0.03977842628955841,0.0406685434281826,-77.99043273925781
72600,0.008418790996074677,-0.0396789088845253,0.04056219384074211,-78.02102661132812
72800,0.008376472629606724,-0.03958289325237274,0.040459491312503815,-78.05142974853516
73000,0.008333631791174412,-0.0394834540784359,0.04035335034132004,-78.08170318603516
73200,0.00829086359590292,-0.0393834188580513,0.040246643126010895,-78.11186981201172
73400,0.008248792961239815,-0.03928542137145996,0.04014208912849426,-78.14181518554688
73600,0.008207393810153008,-0.03919035568833351,0.04004054516553879,-78.17183685302734
73800,0.008165398612618446,-0.03909081220626831,0.039934512227773666,-78.2015380859375
74000,0.008124049752950668,-0.03899283707141876,0.03983015567064285,-78.23094177246094
74200,0.008083425462245941,-0.038897499442100525,0.039728544652462006,-78.26025390625
74400,0.00804287102073431,-0.03880145773291588,0.03962627053260803,-78.2894058227539
74600,0.008003178052604198,-0.03870886564254761,0.03952754661440849,-78.3185043334961
74800,0.007962683215737343,-0.038611169904470444,0.039423681795597076,-78.34739685058594
75000,0.007922873832285404,-0.03851591423153877,0.03932235762476921,-78.37616729736328
75200,0.007883919402956963,-0.03842396289110184,0.039224445819854736,-78.40484619140625
75400,0.007844768464565277,-0.038329724222421646,0.0391242653131485,-78.43326568603516
75600,0.00780536187812686,-0.038233235478401184,0.03902184218168259,-78.4615478515625
75800,0.007767439354211092,-0.038143791258335114,0.0389266200363636,-78.48989868164062
76000,0.0077291023917496204,-0.03805122524499893,0.038828276097774506,-78.51808166503906
76200,0.007691060192883015,-0.03795872628688812,0.03873005881905556,-78.54598999023438
76400,0.007653463631868362,-0.03786735236644745,0.038633037358522415,-78.57373046875
76600,0.007616305258125067,-0.037777096033096313,0.03853721544146538,-78.6012954711914
76800,0.007579398341476917,-0.037687234580516815,0.03844183683395386,-78.62874603271484
77000,0.007543385494500399,-0.03760061040520668,0.03834981843829155,-78.65597534179688
77200,0.0075066001154482365,-0.037509191781282425,0.03825295716524124,-78.68306732177734
77400,0.007470877841114998,-0.03742242231965065,0.03816086798906326,-78.71009063720703
77600,0.0074350484646856785,-0.03733428940176964,0.03806743025779724,-78.73701477050781
77800,0.007399468217045069,-0.03724611550569534,0.03797401115298271,-78.763671875
78000,0.007363972254097462,-0.03715791553258896,0.037880584597587585,-78.79034423828125
78200,0.007328803185373545,-0.03707036003470421,0.037787869572639465,-78.81684112548828
78400,0.0072937230579555035,-0.036982014775276184,0.03769439831376076,-78.84310150146484
78600,0.00725874537602067,-0.03689388185739517,0.03760116919875145,-78.86941528320312
78800,0.007224385626614094,-0.036808453500270844,0.037510715425014496,-78.89572143554688
79000,0.0071897185407578945,-0.036720242351293564,0.03741748631000519,-78.92179870605469
79200,0.007156183011829853,-0.03663674369454384,0.03732910379767418,-78.94767761230469
79400,0.007121745031327009,-0.036547910422086716,0.0372353196144104,-78.9734878540039
79600,0.007088702637702227,-0.03646506741642952,0.03714768961071968,-78.99906921386719
79800,0.007055667694658041,-0.03638116270303726,0.03705902770161629,-79.02445220947266
80000,0.0070226457901299,-0.03629652038216591,0.03696965053677559,-79.04971313476562
80200,0.006990058347582817,-0.036213576793670654,0.036882027983665466,-79.07493591308594
80400,0.006957961246371269,-0.03613193705677986,0.03679579123854637,-79.09992980957031
80600,0.0069261216558516026,-0.036051489412784576,0.036710772663354874,-79.1249771118164
80800,0.006893643643707037,-0.03596683591604233,0.036621518433094025,-79.14988708496094
81000,0.006861667614430189,-0.03588401898741722,0.03653416410088539,-79.17469024658203
81200,0.006829992868006229,-0.035802170634269714,0.036447830498218536,-79.1994400024414
81400,0.006798468995839357,-0.03571983799338341,0.036361049860715866,-79.22391510009766
81600,0.006767269689589739,-0.035638611763715744,0.03627542406320572,-79.24833679199219
81800,0.006736092269420624,-0.03555646911263466,0.03618891164660454,-79.27257537841797
82000,0.006705592852085829,-0.03547723591327667,0.03610539063811302,-79.29672241210938
82200,0.006675485987216234,-0.0353991836309433,0.036023106426000595,-79.32071685791016
82400,0.00664536701515317,-0.03532017022371292,0.035939887166023254,-79.34455108642578
82600,0.006614640820771456,-0.03523771092295647,0.03585316613316536,-79.36844635009766
82800,0.006584500428289175,-0.03515738621354103,0.03576866537332535,-79.39216613769531
83000,0.006555184256285429,-0.035080768167972565,0.03568796440958977,-79.41578674316406
83200,0.00652544479817152,-0.035001274198293686,0.035604365170001984,-79.43932342529297
83400,0.006496666930615902,-0.03492613881826401,0.03552522882819176,-79.4627456665039
83600,0.006467129103839397,-0.03484608232975006,0.03544112294912338,-79.48602294921875
83800,0.006437526550143957,-0.03476519137620926,0.03535619005560875,-79.50926208496094
84000,0.006409164518117905,-0.03468974307179451,0.03527684509754181,-79.53225708007812
84200,0.006380809936672449,-0.03461344912648201,0.03519666939973831,-79.5550765991211
84400,0.006352413911372423,-0.034536998718976974,0.03511634096503258,-79.5780258178711
84600,0.006324431858956814,-0.03446146100759506,0.03503699228167534,-79.60069274902344
84800,0.006296266335994005,-0.03438456729054451,0.034956276416778564,-79.62334442138672
85000,0.006268366239964962,-0.03430788591504097,0.03487582877278328,-79.64573669433594
85200,0.006241192575544119,-0.03423508629202843,0.03479933366179466,-79.66820526123047
85400,0.00621381588280201,-0.034160513430833817,0.03472106531262398,-79.69058227539062
85600,0.0061863018199801445,-0.0340840220451355,0.03464088588953018,-79.71270751953125
85800,0.0061590466648340225,-0.03400878980755806,0.03456199914216995,-79.73489379882812
86000,0.006132304202765226,-0.03393523022532463,0.034484852105379105,-79.75684356689453
86200,0.00610594404861331,-0.03386338800191879,0.03440946713089943,-79.77875518798828
86400,0.006079185754060745,-0.033789124339818954,0.03433163836598396,-79.80071258544922
86600,0.006053118966519833,-0.033717285841703415,0.03425632417201996,-79.82234954833984
86800,0.006026912946254015,-0.03364440053701401,0.03417995572090149,-79.843994140625
87000,0.0060009220615029335,-0.03357208892703056,0.03410419449210167,-79.86555480957031
87200,0.005974808242172003,-0.03349870815873146,0.03402737155556679,-79.88709259033203
87400,0.0059493063017725945,-0.03342752531170845,0.03395281732082367,-79.90837860107422
87600,0.005923447199165821,-0.0333540253341198,0.03387591987848282,-79.92964935302734
87800,0.005898147355765104,-0.03328319638967514,0.033801764249801636,-79.95088195800781
88000,0.005873803980648518,-0.033216387033462524,0.03373173624277115,-79.97179412841797
88200,0.005848867818713188,-0.033146269619464874,0.03365834802389145,-79.99280548095703
88400,0.005823979154229164,-0.03307560086250305,0.033584434539079666,-80.013671875
88600,0.005799711681902409,-0.03300793468952179,0.03351358696818352,-80.03446960449219
88800,0.005774333607405424,-0.03293319791555405,0.03343558683991432,-80.05514526367188
89000,0.0057501294650137424,-0.032864414155483246,0.03336365893483162,-80.07568359375
89200,0.005725710652768612,-0.032793737947940826,0.0332898311316967,-80.09611511230469
89400,0.005701764021068811,-0.03272520750761032,0.03321820870041847,-80.1164779663086
89600,0.00567785557359457,-0.032656535506248474,0.0331464558839798,-80.13681030273438
89800,0.005654290318489075,-0.032588884234428406,0.03307576850056648,-80.1569595336914
90000,0.005631171632558107,-0.032523225992918015,0.03300712630152702,-80.17700958251953
90200,0.00560786621645093,-0.03245633840560913,0.032937243580818176,-80.19710540771484
90400,0.005584697239100933,-0.032389551401138306,0.03286748751997948,-80.21707916259766
90600,0.005561813712120056,-0.03232342377305031,0.032798439264297485,-80.23684692382812
90800,0.0055390410125255585,-0.032257504761219025,0.0327296108007431,-80.2565689086914
91000,0.0055158063769340515,-0.032188478857278824,0.03265765309333801,-80.2762451171875
91200,0.005493098869919777,-0.03212191164493561,0.032588209956884384,-80.29583740234375
91400,0.005470562726259232,-0.03205588459968567,0.03251933306455612,-80.31536102294922
91600,0.005448096431791782,-0.03198973461985588,0.032450344413518906,-80.3348159790039
91800,0.005425726994872093,-0.031923577189445496,0.03238137066364288,-80.35417938232422
92000,0.005403664894402027,-0.03185887634754181,0.03231389448046684,-80.37352752685547
92200,0.005381811410188675,-0.03179467096924782,0.03224693611264229,-80.39273071289062
92400,0.00535997748374939,-0.031730204820632935,0.032179731875658035,-80.41190338134766
92600,0.005337947979569435,-0.03166365996003151,0.03211045265197754,-80.43087768554688
92800,0.005316460505127907,-0.031599897891283035,0.03204400837421417,-80.44982147216797
93000,0.005294953938573599,-0.0315353125333786,0.03197674825787544,-80.46862030029297
93200,0.0052736192010343075,-0.031471651047468185,0.03191043436527252,-80.48747253417969
93400,0.00525283208116889,-0.031410444527864456,0.03184663876891136,-80.50615692138672
93600,0.005232271738350391,-0.0313497930765152,0.03178342804312706,-80.5246810913086
93800,0.0052112918347120285,-0.03128674626350403,0.03171778842806816,-80.5433120727539
94000,0.005189876072108746,-0.031220169737935066,0.03164859861135483,-80.56175231933594
94200,0.00516901770606637,-0.031156599521636963,0.03158247098326683,-80.58016967773438
94400,0.005148811731487513,-0.03109660930931568,0.03151998668909073,-80.59855651855469
94600,0.005128288641571999,-0.031033921986818314,0.03145478665828705,-80.61678314208984
94800,0.00510792713612318,-0.03097168169915676,0.03139005973935127,-80.63493347167969
95000,0.0050874450244009495,-0.03090825118124485,0.03132414445281029,-80.65301513671875
95200,0.0050677526742219925,-0.030848776921629906,0.03126226365566254,-80.6709213256836
95400,0.005047790240496397,-0.030787797644734383,0.031198855489492416,-80.68894958496094
95600,0.005027796141803265,-0.030725717544555664,0.031134361401200294,-80.70677185058594
95800,0.005008154548704624,-0.030665578320622444,0.031071841716766357,-80.724609375
96000,0.004988708533346653,-0.030605753883719444,0.03100966475903988,-80.74225616455078
96200,0.004969700239598751,-0.03054816462099552,0.030949771404266357,-80.75983428955078
96400,0.00495033897459507,-0.030488109216094017,0.030887387692928314,-80.77738952636719
96600,0.004931983537971973,-0.03043353743851185,0.03083058074116707,-80.79480743408203
96800,0.0049129207618534565,-0.030374903231859207,0.030769651755690575,-80.81238555908203
97000,0.004893813282251358,-0.03031470812857151,0.03070717863738537,-80.82964324951172
97200,0.004874983802437782,-0.030256053432822227,0.030646275728940964,-80.846923828125
97400,0.00485586654394865,-0.03019539825618267,0.030583353713154793,-80.86420440673828
97600,0.004836915526539087,-0.030135363340377808,0.030521072447299957,-80.88143920898438
97800,0.004818527959287167,-0.030077816918492317,0.03046134114265442,-80.89842987060547
98000,0.004800137132406235,-0.030020294710993767,0.03040163591504097,-80.91551208496094
98200,0.0047821346670389175,-0.02996465004980564,0.03034384734928608,-80.93247985839844
98400,0.004763439297676086,-0.029904017224907875,0.030281025916337967,-80.94933319091797
98600,0.004745418671518564,-0.029847493395209312,0.030222373083233833,-80.9662094116211
98800,0.004727537278085947,-0.029790828004479408,0.030163602903485298,-80.98285675048828
99000,0.0047098007053136826,-0.029735298827290535,0.03010598197579384,-80.9996337890625
99200,0.0046921768225729465,-0.029679231345653534,0.03004785068333149,-81.01609802246094
99400,0.0046739098615944386,-0.0296194925904274,0.02998599410057068,-81.03275299072266
99600,0.004656441509723663,-0.029563920572400093,0.029928380623459816,-81.04920196533203
99800,0.004639183171093464,-0.029509123414754868,0.029871566221117973,-81.0655517578125
100000,0.004621807020157576,-0.029453162103891373,0.029813585802912712,-81.08184051513672
100200,0.004604618530720472,-0.0293983593583107,0.029756780713796616,-81.09817504882812
100400,0.0045875185169279575,-0.02934327907860279,0.029699718579649925,-81.11431884765625
100600,0.00457046739757061,-0.02928842417895794,0.029642893001437187,-81.13050842285156
100800,0.00455342186614871,-0.029233356937766075,0.029585855081677437,-81.14668273925781
101000,0.0045364247635006905,-0.029177440330386162,0.02952798828482628,-81.16256713867188
101200,0.004519414622336626,-0.02912154234945774,0.02947014383971691,-81.17855072021484
101400,0.004502737894654274,-0.02906755357980728,0.029414238408207893,-81.19451904296875
101600,0.004486118908971548,-0.029013067483901978,0.029357848688960075,-81.21029663085938
101800,0.004469993524253368,-0.02896137163043022,0.029304299503564835,-81.22600555419922
102000,0.004453675355762243,-0.028908265754580498,0.029249325394630432,-81.24172973632812
102200,0.004437221214175224,-0.028853999450802803,0.02919318713247776,-81.25743103027344
102400,0.0044201952405273914,-0.028795937076210976,0.029133213683962822,-81.2731704711914
102600,0.004404034931212664,-0.028742894530296326,0.02907833456993103,-81.28878784179688
102800,0.004387895110994577,-0.02868950553238392,0.02902311645448208,-81.3043212890625
103000,0.004372079856693745,-0.02863794006407261,0.02896975353360176,-81.31981658935547
103200,0.004356160294264555,-0.028585314750671387,0.02891532890498638,-81.33526611328125
103400,0.004340783227235079,-0.02853553369641304,0.028863802552223206,-81.35055541992188
103600,0.004324822686612606,-0.028481846675276756,0.02880832552909851,-81.36588287353516
103800,0.004309057258069515,-0.02842935360968113,0.028754064813256264,-81.38123321533203
104000,0.00429363502189517,-0.028378043323755264,0.028701020404696465,-81.39632415771484
104200,0.004278129898011684,-0.02832632139325142,0.028647562488913536,-81.41150665283203
104400,0.004262747708708048,-0.02827506698668003,0.02859458699822426,-81.42665100097656
104600,0.004247481469064951,-0.02822333760559559,0.028541160747408867,-81.44147491455078
104800,0.004232026636600494,-0.028171343728899956,0.028487445786595345,-81.45664978027344
105000,0.004216872621327639,-0.0281197689473629,0.02843419462442398,-81.47140502929688
105200,0.004201976116746664,-0.02807031385600567,0.028383076190948486,-81.48634338378906
105400,0.004186674021184444,-0.028017571195960045,0.028328651562333107,-81.50115203857422
105600,0.004171990789473057,-0.027968212962150574,0.028277665376663208,-81.51580047607422
105800,0.004157116170972586,-0.027917880564928055,0.028225693851709366,-81.53059387207031
106000,0.004142057150602341,-0.02786540985107422,0.02817157469689846,-81.545166015625
106200,0.004127325490117073,-0.027815131470561028,0.028119679540395737,-81.5597915649414
106400,0.0041131977923214436,-0.02776866964995861,0.028071647509932518,-81.57439422607422
106600,0.004098356235772371,-0.02771669253706932,0.028018057346343994,-81.5888442993164
106800,0.004084198735654354,-0.027668999508023262,0.02796880714595318,-81.60324096679688
107000,0.0040698787197470665,-0.027620330452919006,0.02791856974363327,-81.61772918701172
107200,0.004055258352309465,-0.027568845078349113,0.02786550484597683,-81.63204193115234
107400,0.004041275940835476,-0.027521546930074692,0.02781667374074459,-81.64635467529297
107600,0.004027056973427534,-0.02747192792594433,0.027765518054366112,-81.66050720214844
107800,0.0040131304413080215,-0.02742421068251133,0.027716288343071938,-81.6746826171875
108000,0.003998910542577505,-0.02737411856651306,0.027664665132761,-81.68880462646484
108200,0.003984811250120401,-0.027324460446834564,0.02761349081993103,-81.70286560058594
108400,0.003971049562096596,-0.02727721817791462,0.02756475657224655,-81.71699523925781
108600,0.0039570992812514305,-0.027227535843849182,0.02751358412206173,-81.73084259033203
108800,0.003943541552871466,-0.027180559933185577,0.027465147897601128,-81.74473571777344
109000,0.0039298199117183685,-0.02713252417743206,0.02741563878953457,-81.75869750976562
109200,0.003916247747838497,-0.02708461880683899,0.027366284281015396,-81.77244567871094
109400,0.003902793163433671,-0.02703743614256382,0.02731766365468502,-81.78620910644531
109600,0.003889513434842229,-0.02699110098183155,0.027269909158349037,-81.79991912841797
109800,0.0038763084448873997,-0.026944583281874657,0.027221981436014175,-81.81346130371094
110000,0.003862941637635231,-0.026897555217146873,0.02717353217303753,-81.82723999023438
110200,0.0038498055655509233,-0.026850983500480652,0.027125565335154533,-81.84071350097656
110400,0.0038365398067981005,-0.026803914457559586,0.027077091857790947,-81.8543701171875
110600,0.0038230952341109514,-0.026754865422844887,0.02702663466334343,-81.86785125732422
110800,0.0038103729020804167,-0.026710303500294685,0.026980722323060036,-81.88121032714844
111000,0.003797232871875167,-0.026662636548280716,0.026931675150990486,-81.89456939697266
111200,0.0037844511680305004,-0.02661760151386261,0.026885291561484337,-81.90799713134766
111400,0.0037719334941357374,-0.026573609560728073,0.026839973405003548,-81.9212417602539
111600,0.0037594479508697987,-0.0265295822173357,0.02679462917149067,-81.93444061279297
111800,0.0037470178212970495,-0.026485703885555267,0.026749441400170326,-81.94761657714844
112000,0.00373428245075047,-0.026439623907208443,0.0267020333558321,-81.9608154296875
112200,0.003721637185662985,-0.026393812149763107,0.02665490284562111,-81.97396087646484
112400,0.0037092857528477907,-0.026349226012825966,0.026609031483530998,-81.98689270019531
112600,0.0036965585313737392,-0.02630201168358326,0.026560503989458084,-81.99988555908203
112800,0.003684464143589139,-0.0262590404599905,0.026516268029808998,-82.0128402709961
113000,0.003672029823064804,-0.026213370263576508,0.026469314470887184,-82.0257568359375
113200,0.0036600553430616856,-0.026170842349529266,0.02642553485929966,-82.03868103027344
113400,0.003648084821179509,-0.026127930730581284,0.02638138271868229,-82.051513671875
113600,0.00363573688082397,-0.026081852614879608,0.026334038004279137,-82.06426239013672
113800,0.003623621305450797,-0.026037244126200676,0.02628818340599537,-82.07699584960938
114000,0.0036117194686084986,-0.025993485003709793,0.02624320611357689,-82.08956146240234
114200,0.0035999042447656393,-0.025950845330953598,0.0261993445456028,-82.1023178100586
114400,0.0035882184747606516,-0.0259080920368433,0.026155391708016396,-82.11480712890625
114600,0.0035764670465141535,-0.02586454525589943,0.02611064352095127,-82.12723541259766
114800,0.003564742160961032,-0.02582182176411152,0.026066720485687256,-82.13990783691406
115000,0.003552923444658518,-0.025777453556656837,0.02602115273475647,-82.1523208618164
115200,0.0035415019374340773,-0.02573596127331257,0.025978488847613335,-82.16477966308594
115400,0.0035297847352921963,-0.025692373514175415,0.02593371272087097,-82.17729949951172
115600,0.0035183699801564217,-0.025649670511484146,0.02588985301554203,-82.18946838378906
115800,0.003507063491269946,-0.02560809813439846,0.02584713138639927,-82.20177459716797
116000,0.0034958634059876204,-0.025566764175891876,0.025804659351706505,-82.21395874023438
116200,0.003484431654214859,-0.025523969903588295,0.02576071210205555,-82.22625732421875
116400,0.0034732262138277292,-0.025482414290308952,0.025718024000525475,-82.23846435546875
116600,0.0034619190264493227,-0.025439439341425896,0.025673916563391685,-82.2505111694336
116800,0.0034507617820054293,-0.025397304445505142,0.025630660355091095,-82.26252746582031
117000,0.003439734922721982,-0.025356387719511986,0.025588633492588997,-82.274658203125
117200,0.0034287406597286463,-0.02531498484313488,0.025546127930283546,-82.28661346435547
117400,0.003417786443606019,-0.025273935869336128,0.025503981858491898,-82.29862213134766
117600,0.003406590549275279,-0.02523079514503479,0.025459730997681618,-82.31057739257812
117800,0.003395819803699851,-0.025190433487296104,0.025418292731046677,-82.32247161865234
118000,0.003384994575753808,-0.025149239227175713,0.02537601999938488,-82.33426666259766
118200,0.0033742927480489016,-0.02510896883904934,0.025334684178233147,-82.34609985351562
118400,0.0033636456355452538,-0.025068391114473343,0.025293048471212387,-82.3577651977539
118600,0.0033528937492519617,-0.025027314200997353,0.025250906124711037,-82.36954498291016
118800,0.003341954667121172,-0.02498435042798519,0.025206873193383217,-82.3812255859375
119000,0.003331641899421811,-0.024945853278040886,0.025167347863316536,-82.39287567138672
119200,0.0033211123663932085,-0.024905631318688393,0.025126086547970772,-82.40453338623047
119400,0.003310343949124217,-0.024863099679350853,0.025082506239414215,-82.41606903076172
119600,0.0032998814713209867,-0.024823063984513283,0.02504144050180912,-82.42771911621094
119800,0.003289639251306653,-0.024783939123153687,0.02500130794942379,-82.43916320800781
120000,0.003279276890680194,-0.02474411018192768,0.024960462003946304,-82.45071411132812
120200,0.0032690379302948713,-0.02470431476831436,0.024919668212532997,-82.4620361328125
120400,0.00325879012234509,-0.02466460131108761,0.02487895078957081,-82.47343444824219
120600,0.0032483916729688644,-0.024623466655611992,0.024836812168359756,-82.48477935791016
120800,0.003238150617107749,-0.02458318881690502,0.024795539677143097,-82.49607849121094
121000,0.0032281915191560984,-0.024544866755604744,0.02475624531507492,-82.5073471069336
121200,0.0032180927228182554,-0.02450551465153694,0.024715913459658623,-82.5186538696289
121400,0.003208357375115156,-0.024468185380101204,0.024677634239196777,-82.52977752685547
121600,0.003198418766260147,-0.024429069831967354,0.024637557566165924,-82.5408706665039
121800,0.003188327420502901,-0.024388907477259636,0.024596428498625755,-82.55203247070312
122000,0.003178579034283757,-0.0243507269769907,0.02455730549991131,-82.56304168701172
122200,0.0031694925855845213,-0.024318240582942963,0.024523915722966194,-82.57426452636719
122400,0.003159451298415661,-0.024277396500110626,0.02448211796581745,-82.58521270751953
122600,0.0031500651966780424,-0.024241767823696136,0.024445578455924988,-82.59625244140625
122800,0.0031404271721839905,-0.024204179644584656,0.02440705895423889,-82.6073226928711
123000,0.003131174948066473,-0.02416808158159256,0.024370072409510612,-82.61797332763672
123200,0.003121892688795924,-0.02413267455995083,0.024333765730261803,-82.62893676757812
123400,0.0031122982036322355,-0.024094296619296074,0.024294473230838776,-82.63976287841797
123600,0.0031029002275317907,-0.0240569356828928,0.02425621822476387,-82.65048217773438
123800,0.0030935604590922594,-0.024020148441195488,0.024218540638685226,-82.6612548828125
124000,0.0030841410625725985,-0.023982727900147438,0.024180220440030098,-82.67206573486328
124200,0.003074552398175001,-0.023943591862916946,0.024140184745192528,-82.68279266357422
124400,0.003065137192606926,-0.023905642330646515,0.024101344868540764,-82.6935043334961
124600,0.003055940382182598,-0.023869330063462257,0.024064159020781517,-82.7042236328125
124800,0.0030468537006527185,-0.023833299055695534,0.0240272656083107,-82.71480560302734
